7.22581 4.66353 0.29098378665212365
9.56523 6.34724 0.24756434181487907
13.6767 8.28791 0.3442454481119764
9.9964 7.20908 0.3704134863453856
9.05203 3.75134 0.21930779862339336
2.94833 7.37907 0.18092725146296168
8.88211 9.05087 0.3439438076869081
3.88586 1.8894 0.3386599361663028
9.67559 6.98508 0.314497892394479
9.3538 3.51299 0.16704024340166843
7.91137 0.803858 0.2269587287510689
11.8519 6.12049 0.18063844578420438
9.92608 6.91122 0.17166131733446469
12.8725 1.49113 0.27145989943909066
9.21659 8.67733 0.34962117458438535
14.5849 6.14704 0.23497650478420953
11.6429 0.432142 0.24568365556305974
10.6844 9.76531 0.3734276574975951
