9.439 2.882 0.25
1.655 5.292 0.25
4.569 8.979 0.25
13.747 0.056 0.25
4.945 3.502 0.25
7.615 7.899 0.25
15.501 8.706 0.25
3.078 1.347 0.25
14.891 5.283 0.25
6.117 8.640 0.25
10.397 3.293 0.25
3.811 9.746 0.25
3.862 5.701 0.25
10.426 4.835 0.25
8.169 2.840 0.25
10.971 6.791 0.25
4.916 7.924 0.25
5.830 1.477 0.25
1.721 6.525 0.25
13.556 6.142 0.25
7.059 0.509 0.25
0.180 7.794 0.25
1.150 4.204 0.25
2.665 1.961 0.25
6.772 5.408 0.25
15.508 4.786 0.25
11.875 0.165 0.25
7.605 1.787 0.25
10.695 0.026 0.25
14.028 8.230 0.25
