9.40654 6.91183 0.5639821639491507
13.4018 7.26493 1.231300666391851
7.75903 2.05359 0.8882355319198795
11.8998 4.68459 0.7464056927397027
7.32737 9.49156 0.7691453715807698
11.911 1.0828 0.7053628596950268
9.58477 3.85235 1.1163284169047454
11.7601 6.08966 1.2863932302609555
9.15848 3.61339 0.7286633547118253
2.42488 2.25105 1.3813720783135606
6.80245 8.02881 1.0647800598105228
8.27369 9.8999 0.8963887567415697
12.0248 3.45561 1.3008448398358543
2.7037 6.57308 0.5815905591348215
7.87036 0.635395 1.1596280811986195
11.1961 5.04807 1.1178335245945856
