12.156 4.721 0.9142178270800054
13.069 4.550 1.21332879397032
9.151 8.827 1.1248696305535208
7.017 1.797 0.5261834628746532
12.159 5.067 0.5413593716335834
5.323 3.656 1.4304143445974442
10.907 1.730 0.6320670422730355
6.755 6.107 1.4982459343529129
0.755 0.172 0.5425112289999989
4.462 3.095 1.2076463205826486
0.675 3.833 1.2414863546183805
15.225 3.402 0.8578363936454741
13.015 6.165 0.6808717060981753
14.423 9.539 1.0355128596007241
13.196 8.681 1.0760114345251126
3.564 0.132 1.0044622690487301
13.127 8.506 1.1019313682183143
15.702 5.638 1.4199790126920573
13.976 5.113 1.424114829012291
1.740 2.533 1.244583420602226
14.951 0.914 1.4462041823114935
6.574 8.349 1.2593301420998597
10.826 2.909 0.6915588649925483
2.377 0.338 0.7358567363135083
5.610 8.155 1.2158546768318743
8.534 4.495 0.7062378874249767
15.399 5.000 0.5285570439391347
12.540 0.652 0.8542769825998848
14.071 3.203 0.587587105521587
15.501 9.125 1.4626565969714924
