9.15848 3.61339 0.2881757897986183
2.42488 2.25105 0.7421230386311377
6.80245 8.02881 0.5690103108672979
8.27369 9.8999 0.5261529351552785
12.0248 3.45561 0.7328055484542837
2.7037 6.57308 0.36475364540313415
7.87036 0.635395 0.5562280080332641
11.1961 5.04807 0.34139209671052545
2.35994 9.49583 0.6040358611958105
2.26521 9.05118 0.2569713071475345
11.0863 3.03049 0.33586718157999523
6.82492 0.703757 0.6629279566086186
15.4658 6.83187 0.4117270073787831
2.45173 8.77255 0.7441177422957092
13.1469 5.82049 0.4050994341216857
3.06162 1.77892 0.2977582656699984
13.0751 4.75265 0.3668226314958515
2.48885 5.03922 0.4035606766452815
11.7123 4.05591 0.5088783698788399
4.47328 5.68743 0.7048539748576006
