1.75884 7.43126 0.6669975923966805
5.02506 9.41069 0.8737287939048075
4.57729 3.36314 0.8322282604485843
13.3539 7.07999 0.5577009241788927
9.60381 7.47215 0.9566060230507011
4.04358 1.44475 0.6169852934828987
0.0258797 0.610065 0.6016136513237157
12.8998 8.52626 1.3807556392778069
3.36924 1.15604 0.6614399813243862
8.85134 0.142521 1.2936644008485303
1.82037 4.54512 1.0355867573933102
12.0355 6.86148 1.3480580013847834
8.69509 0.738853 0.5557270408796299
6.98752 2.01941 1.4020033881049851
11.1395 2.90353 0.5366760235154858
6.98703 2.32429 0.7980708196239796
9.24589 5.32579 1.4447205034564052
10.0589 1.60192 0.74406213659484
8.06616 9.63042 1.494956746885379
11.1322 9.24802 0.7006286488820243
