12.156 4.721 0.1814419900616564
13.069 4.550 0.12979646711419654
9.151 8.827 0.2904537673526652
7.017 1.797 0.1506634873830904
12.159 5.067 0.3435358397454754
5.323 3.656 0.35666390252989255
10.907 1.730 0.2934872156547612
6.755 6.107 0.30292593552784564
0.755 0.172 0.29474468674293786
4.462 3.095 0.29534995795379865
0.675 3.833 0.335578942480098
15.225 3.402 0.16016910480400948
13.015 6.165 0.2934937162857368
14.423 9.539 0.13272863604201734
13.196 8.681 0.324759623992385
3.564 0.132 0.2937923668667211
13.127 8.506 0.1454136709452235
15.702 5.638 0.3402026083098227
13.976 5.113 0.3034322779249564
1.740 2.533 0.2744204258928675
14.951 0.914 0.2306951862790387
6.574 8.349 0.31469303757055533
10.826 2.909 0.1771972870620699
2.377 0.338 0.3138995028612961
5.610 8.155 0.24332250957031276
8.534 4.495 0.30171651757410023
15.399 5.000 0.26587945136840574
12.540 0.652 0.3263104932844718
14.071 3.203 0.3123869719836871
15.501 9.125 0.23621673147671746
