14.485 2.947 0.1877263199145005
4.914 6.763 0.31444153083912585
13.418 2.074 0.19019849038171716
3.736 6.562 0.30354108134067237
2.683 5.486 0.16459602625003572
13.955 9.306 0.21165664092262604
9.501 0.417 0.23244789600827268
8.135 3.249 0.16435200910166878
8.433 2.307 0.28934706528873977
0.805 7.548 0.3260444672800106
6.946 7.146 0.34963531891217514
11.082 3.740 0.35030180146256007
3.175 8.963 0.329361814256953
10.040 4.549 0.16387610021756957
13.286 5.615 0.31783510559897943
6.289 8.564 0.3323358709232215
4.674 0.509 0.14807399452332123
2.089 4.377 0.2631236344947341
13.425 8.125 0.21452453627677343
8.029 5.850 0.15143139870066935
9.096 8.676 0.33446196101649944
10.705 9.273 0.36920201595312274
2.448 4.148 0.3122289576934443
6.817 2.852 0.26304629609812546
7.738 9.852 0.1684501602444063
15.093 3.797 0.3494792838016268
0.648 3.790 0.20008649289267674
4.826 9.494 0.35028607316357974
11.900 0.148 0.19780732260929765
15.371 7.834 0.18202044493663064
