14.680 7.064 0.8464906360532967
3.986 7.274 0.9071185993394757
4.451 3.103 1.1754474139390525
13.494 9.632 1.2924417317452082
13.104 1.767 0.507488648297421
5.727 5.360 1.351952282497066
14.651 7.120 1.2891379990447536
10.003 6.345 0.7689038097612139
4.438 4.806 0.6020001154080321
9.872 4.438 1.206458921634304
12.995 9.749 0.5784625434071252
15.363 7.486 1.2655301315692193
2.312 6.157 1.1696032860551644
14.498 0.765 1.1915952756065482
6.647 4.768 0.541864418651563
12.327 0.815 1.3927466919835694
12.120 6.904 0.7782708749162034
13.326 7.330 0.9460009896857706
4.350 9.823 1.4234366824964342
1.161 8.361 1.3565845577868543
12.702 2.378 1.4326598042985812
6.748 2.717 0.6075598866853014
15.335 9.168 0.9403683603866176
15.813 6.251 1.0217864340710106
7.266 8.455 0.943264107967774
