3.06162 1.77892 1.093930851172316
13.0751 4.75265 0.5559501081135654
2.48885 5.03922 0.5175936925119362
11.7123 4.05591 1.2126687368395284
4.47328 5.68743 1.3948079881720794
10.9159 7.55852 1.1325744802609647
11.5506 4.75295 0.9170512590392382
1.96832 3.67809 1.1398323310849159
13.3549 0.350963 1.415780532072562
8.27223 6.62984 1.3125430888306766
6.81954 1.04678 1.0159231250818763
15.1894 9.21384 1.2959260010732405
8.79275 3.45988 1.064403558736019
7.54759 3.74981 1.3680802524810587
13.5517 3.16874 1.1990537594618886
7.29759 2.71889 1.4336233197819843
15.7275 2.978 1.025833382511363
11.827 5.67278 1.2963610468313709
