9.439 2.882 0.5411894770087731
1.655 5.292 0.5040659920074709
4.569 8.979 0.7232576526688863
13.747 0.056 0.35775089511190644
4.945 3.502 0.7467785705885597
7.615 7.899 0.4851639733298523
15.501 8.706 0.5943514278314845
3.078 1.347 0.30950799137159046
14.891 5.283 0.4246331497007432
6.117 8.640 0.6283646591675563
10.397 3.293 0.4320593251221017
3.811 9.746 0.5831048400504568
3.862 5.701 0.4593124652837294
10.426 4.835 0.49546504523769624
8.169 2.840 0.46357071754381585
10.971 6.791 0.4831414499450135
4.916 7.924 0.6478563634288542
5.830 1.477 0.7104253055987574
1.721 6.525 0.2788555834740924
13.556 6.142 0.6276841821626203
7.059 0.509 0.35190844458281034
0.180 7.794 0.35421069375867265
1.150 4.204 0.30263319714038
2.665 1.961 0.6808120946190364
6.772 5.408 0.2971208024458786
15.508 4.786 0.6088767180486441
11.875 0.165 0.6075757849672069
7.605 1.787 0.4016354889324026
10.695 0.026 0.6491564154944282
14.028 8.230 0.49801380775444193
