8.06616 9.63042 0.5794928211967643
11.1322 9.24802 0.6989009930901131
3.03916 3.35948 0.6595470996756292
2.8536 9.95178 0.31345139196812233
7.31907 9.98016 0.6806059033357301
1.56011 6.25172 0.30221761311663325
1.5103 4.37727 0.7261905897748104
14.9043 0.484329 0.624304499161195
14.3139 2.90017 0.33305127629741965
3.63683 7.69066 0.4706595407164044
6.57149 2.01971 0.47278494124856274
10.0491 6.04144 0.4621750999780312
7.22581 4.66353 0.41088733688736134
9.56523 6.34724 0.3691339141252057
13.6767 8.28791 0.2522241155210831
9.9964 7.20908 0.28977746861483
