14.485 2.947 0.6472917598853035
4.914 6.763 0.3583710512774649
13.418 2.074 0.4232628857271737
3.736 6.562 0.6070352564038557
2.683 5.486 0.6899384023415931
13.955 9.306 0.5553352091971158
9.501 0.417 0.6571271359654991
8.135 3.249 0.7177322524857122
8.433 2.307 0.5937027058048346
0.805 7.548 0.7345291938740968
6.946 7.146 0.37441169203484875
11.082 3.740 0.6835157287361132
3.175 8.963 0.6098706882275295
10.040 4.549 0.4260410702916637
13.286 5.615 0.5244610421604065
6.289 8.564 0.40944019446343616
4.674 0.509 0.7276158092273396
2.089 4.377 0.6341230767713433
13.425 8.125 0.3815171514739082
8.029 5.850 0.5414553690110859
9.096 8.676 0.6067668520509304
10.705 9.273 0.32189178333596236
2.448 4.148 0.5705700364856616
6.817 2.852 0.30395084163707575
7.738 9.852 0.6948223193929676
15.093 3.797 0.35349564679792156
0.648 3.790 0.4070796293924938
4.826 9.494 0.6444374124507439
11.900 0.148 0.46195003674609625
15.371 7.834 0.4556673261083737
