8.54762 8.42097 0.5104713247752324
11.0965 3.97687 0.32274602108522155
4.14661 0.0433363 0.7358337846328967
8.40944 9.54802 0.41641725594486656
6.3791 2.41096 0.57712816856284
9.36894 2.55135 0.7341141145706833
10.9442 9.4528 0.49684301689854116
6.96799 8.90225 0.3743661814347185
0.11475 9.40977 0.7068358388520286
9.62481 7.86157 0.7465181238623748
9.22684 1.4243 0.2694556080807545
3.55724 3.83007 0.2760482831685375
0.0683615 4.1792 0.47201857343992937
1.31596 6.59932 0.4490202086159897
13.6816 0.648518 0.49776215564756804
12.977 6.62069 0.6890823187308835
11.0638 8.02698 0.31552614256752554
8.48219 6.85629 0.6417954672458209
2.28425 6.89505 0.6435591294799634
11.6464 7.77734 0.295318178913116
