15.051 0.270 0.25
5.394 2.439 0.25
9.138 9.694 0.25
3.726 6.213 0.25
14.952 5.126 0.25
1.235 4.464 0.25
1.282 1.575 0.25
4.384 6.800 0.25
10.595 5.226 0.25
11.141 8.661 0.25
2.513 3.090 0.25
5.398 7.853 0.25
15.257 6.843 0.25
11.929 5.397 0.25
15.769 1.977 0.25
0.059 7.968 0.25
14.534 2.319 0.25
2.374 5.086 0.25
11.420 2.395 0.25
15.023 0.717 0.25
6.392 8.840 0.25
0.977 7.436 0.25
14.935 2.480 0.25
6.123 1.987 0.25
7.074 5.649 0.25
3.297 5.688 0.25
12.865 2.819 0.25
7.036 7.120 0.25
11.126 5.375 0.25
13.272 9.920 0.25
