13.900 0.599 0.700660897759734
7.700 5.229 0.6510726219286406
8.320 8.988 0.299709522854562
6.460 7.354 0.6029353309989627
3.418 6.642 0.3331294990226163
6.638 1.143 0.43845335401872765
10.051 0.310 0.5862265360675629
2.530 3.960 0.3145874315390148
4.418 4.811 0.7202067163278093
5.602 6.879 0.6478960814813273
4.801 9.336 0.2817277738315532
14.239 2.505 0.32288037836865613
5.764 7.380 0.5472540053036994
12.667 5.900 0.3428433846457518
1.202 8.157 0.3349160847733404
4.177 1.813 0.524261360020098
14.339 1.323 0.665004266329414
0.377 5.518 0.6351095812755212
8.650 3.030 0.748755007499231
12.634 8.315 0.5770157561467012
14.278 7.570 0.5114634093933373
6.576 8.943 0.3527839488375398
11.789 9.086 0.5036713586405286
11.826 2.658 0.6854107703282561
9.153 4.041 0.45466686501662995
