2.8536 9.95178 0.3125892618566499
7.31907 9.98016 0.1912598050978806
1.56011 6.25172 0.1910389173610888
1.5103 4.37727 0.3077885896911544
14.9043 0.484329 0.34906688755689386
14.3139 2.90017 0.22300656598859628
3.63683 7.69066 0.3488638293476772
6.57149 2.01971 0.37162127056069283
10.0491 6.04144 0.14087800653839433
7.22581 4.66353 0.1891223137346072
9.56523 6.34724 0.34040269955456465
13.6767 8.28791 0.315018208918162
9.9964 7.20908 0.34054523131285974
9.05203 3.75134 0.27741215762758287
2.94833 7.37907 0.21978360195769556
8.88211 9.05087 0.321890021022638
3.88586 1.8894 0.3482559009616305
9.67559 6.98508 0.17991529264858955
9.3538 3.51299 0.3247107477714618
7.91137 0.803858 0.32488276804146676
