8.76882 2.25562 0.6151843625626283
4.9816 1.1063 1.2581934464327906
12.9286 1.34709 1.458368651264816
4.54799 7.8811 0.5626749622651839
14.3237 7.89636 0.7687471068923766
11.9008 6.15223 0.9531143039852459
5.77801 8.56655 1.174874270802587
3.65587 8.63582 0.5297248108921587
3.67101 2.4955 1.436239545911834
8.67849 9.84832 0.5330756901445749
0.860866 0.814234 0.925070612685394
8.39479 4.26801 1.4869270336366176
1.51469 2.58797 1.041369147192785
14.2646 2.32765 0.7515672129034963
2.3448 1.25095 0.541520867458028
14.9062 0.801111 1.2467352471347173
0.753441 0.587176 1.0254440920315964
5.38249 9.14701 1.261752841421128
