10.507 8.591 0.38990001721536954
12.685 7.138 0.6970651189779259
6.624 1.453 0.5381546373559701
0.969 3.195 0.6856954603385697
8.034 0.925 0.44977765409765524
2.661 3.196 0.6039508001653042
15.594 6.966 0.6899982225670312
11.194 5.514 0.4836093699366647
4.183 0.662 0.5742689002852452
7.788 0.866 0.5387932822054246
9.530 5.642 0.6027761004658881
5.850 4.086 0.34305879531916694
6.194 0.184 0.47312085427466566
10.140 4.917 0.26194810288838966
6.979 4.081 0.6225058528843677
2.866 4.780 0.4451447544085331
8.524 6.781 0.7494899055127107
5.152 6.992 0.4696892536552609
6.244 9.136 0.35794698290611
1.227 2.032 0.45955468120655124
12.695 3.729 0.2890621448916007
1.681 5.848 0.6258974017044234
4.448 2.956 0.6502663329783924
10.066 4.252 0.4601857896963196
0.658 8.494 0.39787697922135185
