0.445326 3.29844 0.48872766717536004
0.894559 6.3921 0.48086371950401363
2.10602 8.47072 0.3302947628387934
13.829 5.96881 0.2585489966634237
11.5463 8.53969 0.3226530315369109
0.23487 1.26469 0.7226331028434974
11.3265 6.17145 0.623893660782916
3.48106 0.659505 0.6841606755027771
2.70272 6.24104 0.49360725234537967
5.45573 3.19407 0.4117301189178732
5.88104 6.61 0.748873681239507
12.8383 8.06879 0.6090969163900993
8.42457 6.11103 0.691493552105324
12.7709 9.00601 0.526510894772874
2.31697 6.30177 0.4662380633337092
6.43867 2.537 0.41107198872841605
2.18464 8.5519 0.7003033283182902
1.05863 4.27808 0.4459159635261358
