9.17362 3.02286 0.6289987612107413
8.76882 2.25562 0.7467563115128553
4.9816 1.1063 0.6736441130064392
12.9286 1.34709 0.4895195133068398
4.54799 7.8811 0.4952354386234411
14.3237 7.89636 0.2993541132427953
11.9008 6.15223 0.4967154400577638
5.77801 8.56655 0.6116958181831345
3.65587 8.63582 0.3298422636904253
3.67101 2.4955 0.6238543430183594
8.67849 9.84832 0.5809641750567283
0.860866 0.814234 0.4667555128681915
8.39479 4.26801 0.45479979891152184
1.51469 2.58797 0.5185620763355685
14.2646 2.32765 0.7236870553871568
2.3448 1.25095 0.5236502893280858
14.9062 0.801111 0.6447431391493288
0.753441 0.587176 0.6609290126510832
5.38249 9.14701 0.4795856465402822
6.37764 4.32783 0.6275647694689428
