13.900 0.599 1.3752888172122666
7.700 5.229 0.681072293292905
8.320 8.988 1.352304965030843
6.460 7.354 1.0507787665624138
3.418 6.642 0.9396140837342182
6.638 1.143 1.2149802022494396
10.051 0.310 0.8352572988083072
2.530 3.960 1.322591526919978
4.418 4.811 0.7936507202507371
5.602 6.879 1.070968568288559
4.801 9.336 0.7608900669884936
14.239 2.505 1.0216214701934587
5.764 7.380 1.1505825833659558
12.667 5.900 1.1823684847784013
1.202 8.157 0.6505436138778264
4.177 1.813 1.2351145435724193
14.339 1.323 0.8015745119970593
0.377 5.518 0.9139946904841867
8.650 3.030 0.8200967415296802
12.634 8.315 1.2140148904908967
14.278 7.570 1.4282340564449396
6.576 8.943 1.1947120270647509
11.789 9.086 1.244112938722635
11.826 2.658 0.8665106560760839
9.153 4.041 0.9034692813835854
