14.677 2.444 0.25
9.411 3.296 0.25
6.700 7.646 0.25
6.527 0.469 0.25
8.951 0.351 0.25
11.260 3.359 0.25
1.163 8.051 0.25
8.564 7.770 0.25
6.614 2.563 0.25
9.739 0.660 0.25
0.906 1.770 0.25
6.359 3.313 0.25
7.031 9.433 0.25
13.962 8.027 0.25
8.862 5.368 0.25
6.120 1.223 0.25
13.893 2.692 0.25
14.337 6.845 0.25
3.307 2.004 0.25
12.792 6.412 0.25
3.237 7.618 0.25
0.924 5.460 0.25
7.616 6.595 0.25
9.093 5.318 0.25
4.920 2.299 0.25
5.177 7.628 0.25
1.066 5.309 0.25
13.474 0.765 0.25
5.764 2.352 0.25
10.123 9.808 0.25
