15.140 3.470 0.6555701682989812
13.206 5.761 0.4528400224395501
3.403 8.839 0.6793179327811085
11.704 0.259 0.3067899022931555
15.703 9.019 0.44076027979988924
5.719 6.488 0.6912244790216586
3.394 2.719 0.5294895060761082
1.000 2.624 0.282724677246369
7.126 4.747 0.29356405037822486
15.274 5.773 0.4508784869426511
9.271 0.453 0.39249961450007365
12.526 7.208 0.4262198164011698
12.981 5.270 0.37472965176214557
12.549 0.290 0.6651331300860381
11.095 3.356 0.47393110028595603
0.459 5.317 0.5868517253221339
7.575 2.881 0.5040866714582792
3.026 0.108 0.262964034532724
11.753 4.787 0.42360473512550106
6.480 1.127 0.5169381933999644
11.801 6.410 0.4257013238939185
5.526 2.389 0.6171542385945579
14.221 2.269 0.2876374872365965
6.460 0.889 0.45187780387828197
15.800 6.482 0.6106472284700937
6.589 0.745 0.7451887015141945
9.477 6.059 0.48299167449944064
6.978 9.052 0.5474921455607306
3.511 1.917 0.3911940484349238
4.396 5.311 0.6058588148988107
