8.76882 2.25562 0.3221758044758761
4.9816 1.1063 0.3503457163647036
12.9286 1.34709 0.26841544416638896
4.54799 7.8811 0.20828548535995436
14.3237 7.89636 0.2299113823524469
11.9008 6.15223 0.36401715330767404
5.77801 8.56655 0.36701745898977
3.65587 8.63582 0.2803692600598859
3.67101 2.4955 0.24039108500033304
8.67849 9.84832 0.2326653753372003
0.860866 0.814234 0.17485630647922232
8.39479 4.26801 0.18246545303099954
1.51469 2.58797 0.1691515519228594
14.2646 2.32765 0.2659917730577791
2.3448 1.25095 0.23823034234782803
14.9062 0.801111 0.17446771269249411
0.753441 0.587176 0.21000632515492257
5.38249 9.14701 0.16283215016657981
