9.40654 6.91183 0.7390731393071641
13.4018 7.26493 0.5072323718307111
7.75903 2.05359 0.2791489893937633
11.8998 4.68459 0.462167124209261
7.32737 9.49156 0.4256967388593361
11.911 1.0828 0.7117588084662235
9.58477 3.85235 0.6219364182874367
11.7601 6.08966 0.4077174247451064
9.15848 3.61339 0.37739028748452785
2.42488 2.25105 0.6339362211621938
6.80245 8.02881 0.6676397968307497
8.27369 9.8999 0.2927973919108986
12.0248 3.45561 0.26592920911514994
2.7037 6.57308 0.44915156304561543
7.87036 0.635395 0.5368008186082194
11.1961 5.04807 0.6215004691463764
