12.236 4.063 0.3366697647976846
5.157 5.937 0.3133025287820098
10.165 1.604 0.27191671900799197
10.094 8.355 0.22180593674367263
0.450 4.712 0.15967256196845522
10.406 9.678 0.3340621064537628
4.557 5.666 0.144200502407402
15.054 6.205 0.23977578201727415
3.816 2.966 0.2079156777932294
8.196 8.873 0.18640410885758532
3.166 7.258 0.13406215439459784
11.341 0.238 0.3428237485683908
8.895 4.421 0.18477844047229824
13.435 6.216 0.22618523156558062
15.169 1.861 0.14690026926736413
1.344 8.706 0.17507357524820172
11.487 6.433 0.1807305471295601
3.388 9.207 0.3687691143830814
11.181 4.048 0.22918971469993787
12.088 7.096 0.2503824640292416
7.965 4.203 0.3040596188897924
9.650 1.531 0.17559936026116277
2.956 4.977 0.2915814336977364
14.552 6.444 0.31357300023520074
7.298 0.522 0.3523376066461674
