15.115 9.206 0.6151414665721341
11.322 1.947 0.5368878608390015
14.524 2.461 0.47779752729048774
0.484 2.375 0.543927404823775
4.400 6.984 0.7394896490834376
12.747 9.481 0.333868390118552
0.751 5.631 0.47986981158888414
4.767 9.736 0.561272302316929
9.626 5.685 0.5925363353457278
14.141 8.661 0.7481421010322508
10.515 2.627 0.7423392959721483
7.991 1.740 0.6942994652085203
5.089 8.120 0.3964218119334892
15.992 7.013 0.3281143348492876
5.925 3.462 0.3205237090285413
11.704 8.786 0.737449446333686
14.644 7.082 0.48582518326468743
3.621 0.989 0.6030117617610435
2.888 8.325 0.5660823196532794
9.339 4.563 0.406889926779034
11.350 5.947 0.47090869912079647
12.021 5.708 0.7142214765897488
4.610 0.391 0.659385419877393
13.336 7.964 0.5358729489351948
11.859 4.157 0.6209799660323928
