2.03571 0.657369 0.1631852662204956
12.5595 5.24583 0.2182114702495599
9.7542 9.56114 0.16387620899943586
1.15629 8.75637 0.29827338023286787
10.4617 3.22123 0.27693634805263245
1.67681 5.05051 0.2619940782786313
3.63341 2.90292 0.3665771768673739
14.7197 5.51164 0.2629342962657812
10.6048 1.14536 0.35821376399179067
7.88061 3.79131 0.12975223897376004
7.94897 7.93359 0.35852063696513126
8.1482 3.82366 0.17084966110400535
11.0106 5.32151 0.25893795853244905
9.70049 3.95184 0.3712111431060685
0.0942412 7.07877 0.36577031764973733
1.60991 6.23066 0.3510602813523135
13.8119 4.91501 0.2009175891756257
11.9574 4.96902 0.3707451221955982
6.08173 7.85363 0.17247084867704338
8.845 3.57097 0.31471478294754673
