4.57729 3.36314 0.3381504151583338
2.24421 7.33085 0.6764334519379969
13.3539 7.07999 0.6039774494661665
9.60381 7.47215 0.5615182963387371
4.04358 1.44475 0.4750947199033205
0.0258797 0.610065 0.6961225359390923
12.8998 8.52626 0.4449874850264638
3.36924 1.15604 0.5661352419163623
8.85134 0.142521 0.6940861469605406
1.82037 4.54512 0.5857345852731985
12.0355 6.86148 0.48549501022281083
8.69509 0.738853 0.27845629062423516
6.98752 2.01941 0.4922291274504735
11.1395 2.90353 0.31696959363372434
6.98703 2.32429 0.5082758694442558
9.24589 5.32579 0.5077880337366805
