2.82528 3.74248 0.3670486100052193
2.10602 7.43278 0.4504771882969263
15.2275 6.11988 0.5726395511723523
0.445326 3.29844 0.27670569745603635
0.894559 6.3921 0.6865589847104674
2.10602 8.47072 0.4219708512326114
13.829 5.96881 0.49795039995331636
11.5463 8.53969 0.5805821503413544
0.23487 1.26469 0.7272544430006581
11.3265 6.17145 0.695514288222972
3.48106 0.659505 0.4827616544284207
2.70272 6.24104 0.43344467540004333
5.45573 3.19407 0.4999680026055231
5.88104 6.61 0.38293853245821546
12.8383 8.06879 0.3335194351834188
8.42457 6.11103 0.3901153802678352
12.7709 9.00601 0.43907224649446674
2.31697 6.30177 0.36427785740514285
6.43867 2.537 0.338948995271763
2.18464 8.5519 0.5208214956746151
