2.26521 9.05118 0.166285814256659
11.0863 3.03049 0.2679574706219454
6.82492 0.703757 0.25467808060791497
15.4658 6.83187 0.26090070362117745
13.1469 5.82049 0.23343873194074177
3.06162 1.77892 0.16845433457951484
13.0751 4.75265 0.1380796317163809
2.48885 5.03922 0.24607038847502352
11.7123 4.05591 0.15833741592359804
4.47328 5.68743 0.3350393914796939
10.9159 7.55852 0.1377667202416449
11.5506 4.75295 0.20729667524158335
1.96832 3.67809 0.3698032456080117
13.3549 0.350963 0.21364582244694197
8.27223 6.62984 0.21298110324371589
6.81954 1.04678 0.33093676439034914
