15.140 3.470 0.5569050047538997
13.206 5.761 1.1283693202830563
3.403 8.839 1.250984953678243
11.704 0.259 0.8259304147258547
15.703 9.019 1.0739952439279539
5.719 6.488 1.0309931690627143
3.394 2.719 1.118903700636008
1.000 2.624 0.9549555483753881
7.126 4.747 0.9661959081315231
15.274 5.773 0.7286721427242987
9.271 0.453 0.5565920658568364
12.526 7.208 0.5392043197313828
12.981 5.270 0.9611908517114426
12.549 0.290 1.4118820024935346
11.095 3.356 0.7874271869886457
0.459 5.317 1.2948989949490508
7.575 2.881 1.399948130672933
3.026 0.108 1.2072981288649862
11.753 4.787 1.450605125097478
6.480 1.127 0.6750221117496379
11.801 6.410 1.491210528420645
5.526 2.389 1.159552335564885
14.221 2.269 0.8791340449919591
6.460 0.889 0.8415537735787764
15.800 6.482 1.0571987486026426
6.589 0.745 0.9691743945504041
9.477 6.059 1.4198852080592337
6.978 9.052 1.2759069468179687
3.511 1.917 1.3310085235742708
4.396 5.311 1.3652534173650634
