11.000 3.121 0.8950066460036947
7.513 1.372 1.0118623836433032
3.707 9.937 1.263927999437932
15.300 9.194 0.8956433675242996
2.395 4.460 0.6900820524902163
11.026 7.334 0.8497592669660828
15.444 6.861 1.0883420242674056
2.743 0.404 1.1785906043838796
13.843 6.394 1.111601679116775
14.724 0.646 1.2852413167885184
8.829 8.110 1.4933662370485432
2.560 1.794 0.7440847146140079
10.599 6.617 1.2111184541672046
6.357 5.934 1.3664421168454952
9.952 0.761 1.3169335072640402
14.372 4.590 1.4164251191842914
7.592 1.193 0.7530225222879264
7.222 0.343 0.9640537102308819
9.642 4.020 0.9492897946190161
0.796 7.208 1.2095915297902893
8.639 2.504 1.2951614606906705
11.436 3.970 1.0787832946046187
4.102 5.655 1.2190438191935131
13.999 4.612 0.9377469125033034
4.171 7.314 0.7963197440520566
