2.94833 7.37907 0.28452769042716936
8.88211 9.05087 0.603439616452464
3.88586 1.8894 0.6967836761155219
9.67559 6.98508 0.6672124762351985
9.3538 3.51299 0.5280632927904987
7.91137 0.803858 0.6214321569715087
11.8519 6.12049 0.27396041814176464
9.92608 6.91122 0.642201562679622
12.8725 1.49113 0.5324227621105527
9.21659 8.67733 0.7170355127416046
14.5849 6.14704 0.6573558114506561
11.6429 0.432142 0.37903476099285227
10.6844 9.76531 0.34197892439458455
5.04019 5.69201 0.6217975446022166
4.89322 1.73925 0.5409141450182517
1.73687 8.69045 0.7251337534689639
