11.026 4.695 0.7464824762042588
6.684 7.175 0.3630374568381081
15.461 9.044 0.4160148253168131
14.003 1.659 0.25284571516202664
7.775 7.203 0.5007867910298966
9.231 5.341 0.41549427797026933
8.832 8.483 0.3350541993118575
15.696 7.579 0.26973059422408213
10.256 6.577 0.3618458375824455
15.924 4.646 0.397625461304558
5.630 9.925 0.4910992598150217
3.598 9.349 0.6901913282586479
0.132 7.128 0.4123336060699
11.182 0.580 0.4332144422035738
6.014 5.355 0.6260072451878567
6.230 0.917 0.29147087696073465
7.636 9.098 0.438963168852802
14.121 4.705 0.3886570954584301
3.029 4.392 0.4198750467859399
8.122 4.746 0.49745027223751
13.822 5.347 0.31744074127003524
15.854 9.279 0.5183588581600352
9.572 8.820 0.48598986530720295
10.484 3.002 0.33386731977135914
9.285 2.718 0.6427974372003117
