4.04358 1.44475 0.25990160583233
0.0258797 0.610065 0.14474616601138135
12.8998 8.52626 0.24510613318684304
3.36924 1.15604 0.33594617414058764
8.85134 0.142521 0.29084100760742365
1.82037 4.54512 0.29294077142259045
12.0355 6.86148 0.3167935454613406
8.69509 0.738853 0.2960859982459154
6.98752 2.01941 0.21099991282839892
11.1395 2.90353 0.19857306085388415
6.98703 2.32429 0.3483619495642718
9.24589 5.32579 0.3554407258291793
10.0589 1.60192 0.3392805530275802
8.06616 9.63042 0.14851734188324048
