13.900 0.599 0.15592994554211945
7.700 5.229 0.3303550405101002
8.320 8.988 0.33545922933614963
6.460 7.354 0.35106308821852705
3.418 6.642 0.2412398746431641
6.638 1.143 0.2440119872119003
10.051 0.310 0.31029107181654414
2.530 3.960 0.24138498382404686
4.418 4.811 0.2067411992082259
5.602 6.879 0.19632655336539667
4.801 9.336 0.2569248748778074
14.239 2.505 0.16105040043456775
5.764 7.380 0.1457134522107909
12.667 5.900 0.36683165182858546
1.202 8.157 0.13169904293582432
4.177 1.813 0.3475250707170165
14.339 1.323 0.2920217883245593
0.377 5.518 0.18212932550818212
8.650 3.030 0.34261196079113965
12.634 8.315 0.26133957868577246
14.278 7.570 0.20507418160070445
6.576 8.943 0.12799355741623827
11.789 9.086 0.2296816851215512
11.826 2.658 0.353738591707247
9.153 4.041 0.2891828155578846
