14.485 2.947 0.5938788252241302
4.914 6.763 0.7252197104155435
13.418 2.074 1.2959777473432323
3.736 6.562 0.881314593282085
2.683 5.486 1.0090098779951322
13.955 9.306 0.979897722817994
9.501 0.417 1.2295624189640553
8.135 3.249 1.099560239807004
8.433 2.307 1.1680400076017246
0.805 7.548 0.5564433668859506
6.946 7.146 0.5326905202488823
11.082 3.740 0.989083830461799
3.175 8.963 1.4332557177808654
10.040 4.549 1.413287883182801
13.286 5.615 1.3895713858427272
6.289 8.564 0.5722041585332522
4.674 0.509 1.0442388474619424
2.089 4.377 0.6659162711930893
13.425 8.125 1.1693131001237134
8.029 5.850 1.018759606225692
9.096 8.676 0.708888301831087
10.705 9.273 0.8220225274881892
2.448 4.148 0.888645930451527
6.817 2.852 0.5322465930623282
7.738 9.852 1.267485127124753
15.093 3.797 1.3518525841234161
0.648 3.790 0.7599758812002545
4.826 9.494 0.7276253298740367
11.900 0.148 1.4511496770689924
15.371 7.834 1.190016200653139
