2.26521 9.05118 1.4596281670287459
11.0863 3.03049 1.3059816323257847
6.82492 0.703757 0.9265773720016811
15.4658 6.83187 0.6410585028910281
13.1469 5.82049 0.6866746264793558
3.06162 1.77892 0.7916085245262467
13.0751 4.75265 1.047811780564042
2.48885 5.03922 1.2634436975786127
11.7123 4.05591 0.9452303101796989
4.47328 5.68743 1.2156619224726355
10.9159 7.55852 1.2604455141084763
11.5506 4.75295 1.0439312836177375
1.96832 3.67809 0.6356308201509199
13.3549 0.350963 0.6672463777044619
8.27223 6.62984 1.357031694104402
6.81954 1.04678 0.5952831456507686
