13.328 4.037 0.5095199194384805
2.072 1.596 0.7575514580187745
1.098 0.455 1.3690780050947615
8.536 9.377 0.5340362637249694
14.842 4.170 0.9808633905483456
14.424 1.983 1.4455166105985489
7.294 1.014 0.5185840524792369
3.403 3.259 0.5434369913235406
6.609 7.407 1.164569267436837
11.000 8.210 0.9323775824391765
1.055 7.433 0.7078561836891767
1.915 0.046 1.068551223084128
3.119 6.053 1.1366677586998977
9.706 9.575 1.390918973574733
3.149 2.996 1.0761826304447797
13.994 3.226 0.8185290753449922
8.025 1.090 0.992563765861923
2.115 3.840 0.5548056536994782
8.569 3.121 0.6852308767358938
12.901 9.550 0.8048048517567487
14.052 7.886 0.7683221562426961
4.656 6.266 1.129077774181738
15.864 5.607 1.0863530814226503
15.078 1.659 1.0498506588052827
5.126 5.932 0.8997847501944524
9.138 6.691 0.9689282359729777
11.981 5.166 0.9859012301965867
15.904 0.648 1.0296387558281217
5.988 9.191 0.8079226180385551
4.714 8.635 0.6491605130928748
