12.156 4.721 0.5915173539462898
13.069 4.550 0.359959680721798
9.151 8.827 0.5727173646055046
7.017 1.797 0.6761834209664055
12.159 5.067 0.7495563918190065
5.323 3.656 0.5460692190726215
10.907 1.730 0.6041046258426708
6.755 6.107 0.6358202629624223
0.755 0.172 0.6601437802574615
4.462 3.095 0.5224044313075125
0.675 3.833 0.4089152888684193
15.225 3.402 0.528446561765934
13.015 6.165 0.6662551330807358
14.423 9.539 0.3494518526856839
13.196 8.681 0.6593896848804611
3.564 0.132 0.6922086731489083
13.127 8.506 0.5642241246998116
15.702 5.638 0.3719893263495009
13.976 5.113 0.3806227846945011
1.740 2.533 0.589074557870051
14.951 0.914 0.6833683861958173
6.574 8.349 0.39937506583487703
10.826 2.909 0.5305123184282161
2.377 0.338 0.3627683694996326
5.610 8.155 0.6059179652398419
8.534 4.495 0.6457551611115105
15.399 5.000 0.4955381081518058
12.540 0.652 0.6517162379675387
14.071 3.203 0.6197152730334367
15.501 9.125 0.32689053118355027
