14.485 2.947 0.25
4.914 6.763 0.25
13.418 2.074 0.25
3.736 6.562 0.25
2.683 5.486 0.25
13.955 9.306 0.25
9.501 0.417 0.25
8.135 3.249 0.25
8.433 2.307 0.25
0.805 7.548 0.25
6.946 7.146 0.25
11.082 3.740 0.25
3.175 8.963 0.25
10.040 4.549 0.25
13.286 5.615 0.25
6.289 8.564 0.25
4.674 0.509 0.25
2.089 4.377 0.25
13.425 8.125 0.25
8.029 5.850 0.25
9.096 8.676 0.25
10.705 9.273 0.25
2.448 4.148 0.25
6.817 2.852 0.25
7.738 9.852 0.25
15.093 3.797 0.25
0.648 3.790 0.25
4.826 9.494 0.25
11.900 0.148 0.25
15.371 7.834 0.25
