10.186 1.224 0.25
12.333 1.589 0.25
2.570 0.347 0.25
4.661 6.963 0.25
6.869 2.344 0.25
14.330 9.107 0.25
8.994 1.221 0.25
9.999 5.120 0.25
7.940 9.488 0.25
8.854 7.754 0.25
15.568 1.943 0.25
5.387 6.740 0.25
6.674 7.158 0.25
14.092 8.207 0.25
15.090 1.359 0.25
11.746 0.485 0.25
15.085 5.071 0.25
6.408 2.716 0.25
1.426 3.398 0.25
7.833 3.778 0.25
8.638 0.573 0.25
5.374 3.118 0.25
3.929 4.687 0.25
9.366 9.831 0.25
9.906 9.029 0.25
0.596 9.535 0.25
2.754 8.682 0.25
5.053 0.757 0.25
12.510 0.160 0.25
6.277 9.336 0.25
