8.54762 8.42097 1.331292202778335
11.0965 3.97687 1.1238889107307937
4.14661 0.0433363 0.7932633401532196
8.40944 9.54802 1.384397045627848
6.3791 2.41096 1.3796575449858282
9.36894 2.55135 0.8759592687278277
10.9442 9.4528 1.4174758040121733
6.96799 8.90225 1.222772081734997
0.11475 9.40977 0.5109292159045726
9.62481 7.86157 0.6119415675404455
9.22684 1.4243 1.0822233394000045
3.55724 3.83007 1.2305847199890763
0.0683615 4.1792 1.1358249545400563
1.31596 6.59932 1.0685434002615468
13.6816 0.648518 1.3804696122971944
12.977 6.62069 0.99063365970746
11.0638 8.02698 1.3051277582006042
8.48219 6.85629 1.4918749879557471
2.28425 6.89505 1.2922824232092072
11.6464 7.77734 0.5856514896391226
