12.254 9.089 0.6882353772115766
1.892 1.795 0.7168749863102664
3.543 7.070 0.7926166566552365
7.380 7.914 0.8745006812171913
3.446 3.916 0.5387044194316399
14.443 2.684 0.6579779585865706
12.226 4.615 0.9513786891157656
8.409 1.942 1.0806005428629668
5.670 7.543 0.7153521591118008
9.062 8.429 1.4562667420459754
9.744 9.124 0.5038081416404514
13.868 7.361 0.5207841567860503
10.224 8.123 1.2015011575010703
8.920 4.016 1.1259965876837166
8.769 2.957 1.2595016486220247
9.686 6.053 0.5852359259362099
7.963 3.809 0.6241829523587088
4.815 7.356 0.8501429611485656
1.960 4.872 0.8140922442319755
0.491 9.763 1.3068463050620696
5.486 5.145 0.5165714257654946
7.507 3.699 0.8284791564393553
13.129 1.707 0.7378051057488186
10.236 7.504 1.293106790947494
6.547 0.535 1.2193359101398884
