13.328 4.037 0.13789732005777558
2.072 1.596 0.3467524504518246
1.098 0.455 0.23213152439875626
8.536 9.377 0.2792001515358449
14.842 4.170 0.15667357002175658
14.424 1.983 0.17231152287479792
7.294 1.014 0.2568299401618752
3.403 3.259 0.20595730904095114
6.609 7.407 0.2402102222395457
11.000 8.210 0.37160469702119625
1.055 7.433 0.20280832733855023
1.915 0.046 0.33321676557100877
3.119 6.053 0.16099369970126898
9.706 9.575 0.2735567416581594
3.149 2.996 0.28339077267679114
13.994 3.226 0.12894679812143156
8.025 1.090 0.19886240949311715
2.115 3.840 0.2867421514682205
8.569 3.121 0.3463521330468379
12.901 9.550 0.34332998206660936
14.052 7.886 0.22210354471163166
4.656 6.266 0.23743748703091472
15.864 5.607 0.20122620484205983
15.078 1.659 0.25929498129316153
5.126 5.932 0.30916258081587916
9.138 6.691 0.1298874085435037
11.981 5.166 0.29733525682837314
15.904 0.648 0.27053284686795354
5.988 9.191 0.2866378497641385
4.714 8.635 0.34301499104836947
