9.92608 6.91122 0.6623674814350267
12.8725 1.49113 0.7266604814395341
9.21659 8.67733 0.3305516454224465
14.5849 6.14704 0.4162509167769448
11.6429 0.432142 0.5265220984919525
10.6844 9.76531 0.5118503210086283
5.04019 5.69201 0.6481410148461834
4.89322 1.73925 0.3533933262431982
1.73687 8.69045 0.4293774177716964
13.6196 7.44316 0.7476898176778644
2.4781 3.26914 0.6237550140173835
1.26957 0.766015 0.7150579485054984
10.2557 8.20002 0.4097862048353962
8.72146 4.48256 0.7429675843122205
6.54366 2.98746 0.68134031455995
7.44896 5.01205 0.2853613240705589
2.44246 3.23038 0.46096174879909924
11.808 3.13883 0.5996034502543572
13.227 9.59075 0.3445925634829455
13.9736 7.25028 0.5933074615426592
