4.89322 1.73925 0.4237028467962206
1.73687 8.69045 0.7402967585038636
13.6196 7.44316 0.3050010425791356
2.4781 3.26914 0.4087500524142558
1.26957 0.766015 0.315204588681764
10.2557 8.20002 0.5090048809250807
8.72146 4.48256 0.6903381358770289
6.54366 2.98746 0.36570767170114854
7.44896 5.01205 0.5818151299615285
2.44246 3.23038 0.6445118252979931
11.808 3.13883 0.6655999332277176
13.227 9.59075 0.47475494058230455
13.9736 7.25028 0.7017837983457897
4.80093 9.43999 0.4945523994220308
2.03571 0.657369 0.6829428672099751
12.5595 5.24583 0.4497724936391847
9.7542 9.56114 0.4803489290794665
1.15629 8.75637 0.6433843179197323
