11.026 4.695 0.7332976136950156
6.684 7.175 1.4165612818620077
15.461 9.044 0.8483003310079303
14.003 1.659 0.6125298479531899
7.775 7.203 1.1628523416790604
9.231 5.341 0.5877962777793632
8.832 8.483 1.0822275211568781
15.696 7.579 1.0719598260186922
10.256 6.577 1.450741446171669
15.924 4.646 1.1032943626763607
5.630 9.925 0.9598520008271071
3.598 9.349 1.4006331236585539
0.132 7.128 0.6664457223685322
11.182 0.580 0.9498079100712405
6.014 5.355 0.5615537750118246
6.230 0.917 0.8124012463650324
7.636 9.098 1.4178003014976688
14.121 4.705 1.1545561944812088
3.029 4.392 0.6132809421704141
8.122 4.746 0.5068765235933764
13.822 5.347 1.3075528563262802
15.854 9.279 0.6319527313901566
9.572 8.820 1.0209105634756763
10.484 3.002 0.9662221449395266
9.285 2.718 0.6607929238588516
