3.06162 1.77892 0.6333865643838114
13.0751 4.75265 0.5130074520743895
2.48885 5.03922 0.3948839128166907
11.7123 4.05591 0.2704434539336362
4.47328 5.68743 0.35706570682787625
10.9159 7.55852 0.5854978338915613
11.5506 4.75295 0.4098549221588709
1.96832 3.67809 0.25364619757646245
13.3549 0.350963 0.37112690250092917
8.27223 6.62984 0.6912191859063122
6.81954 1.04678 0.7296454502004837
15.1894 9.21384 0.5320478062563176
8.79275 3.45988 0.4505794706903144
7.54759 3.74981 0.7045599835653291
13.5517 3.16874 0.5731380464412004
7.29759 2.71889 0.6769196773739459
15.7275 2.978 0.6017457249731014
11.827 5.67278 0.5380106631638337
