8.06616 9.63042 0.17709895073235932
11.1322 9.24802 0.27053034196225567
3.03916 3.35948 0.24546032158664197
2.8536 9.95178 0.3261942199991168
7.31907 9.98016 0.19904190116551443
1.56011 6.25172 0.17212156072777504
1.5103 4.37727 0.277796663026167
14.9043 0.484329 0.24695477691784778
14.3139 2.90017 0.28796058286460235
3.63683 7.69066 0.36233225764603627
6.57149 2.01971 0.23756109913163795
10.0491 6.04144 0.3128647050032644
7.22581 4.66353 0.32177067417325733
9.56523 6.34724 0.25999156738147033
13.6767 8.28791 0.2762568388318748
9.9964 7.20908 0.27116480423759615
