1.67681 5.05051 0.18499079651600284
3.63341 2.90292 0.3206680078679134
14.7197 5.51164 0.1303031746212906
10.6048 1.14536 0.1363574478646062
7.88061 3.79131 0.2329688181969321
7.94897 7.93359 0.3196339459209151
8.1482 3.82366 0.24665957821434742
11.0106 5.32151 0.17998199423481784
9.70049 3.95184 0.2725564136727472
0.0942412 7.07877 0.3461807192298947
1.60991 6.23066 0.15616684841230374
13.8119 4.91501 0.2886609763959983
11.9574 4.96902 0.1752195760703375
6.08173 7.85363 0.2207074580376725
8.845 3.57097 0.17085384298473316
15.2915 6.30848 0.1434926659108069
2.82528 3.74248 0.2862239170156329
2.10602 7.43278 0.29656595102866
