7.22581 4.66353 0.8811732347294333
9.56523 6.34724 1.3587853942548738
13.6767 8.28791 1.2929970807051765
9.9964 7.20908 1.1487346692374198
9.05203 3.75134 1.0746551046029986
2.94833 7.37907 0.9369340566969744
8.88211 9.05087 1.4679080567138394
3.88586 1.8894 0.8895844202940789
9.67559 6.98508 1.0995121177941454
9.3538 3.51299 1.406419600956356
7.91137 0.803858 1.3730138864107124
11.8519 6.12049 1.0591904557255731
9.92608 6.91122 0.9607713675383397
12.8725 1.49113 0.5871606852851005
9.21659 8.67733 1.1627073663974972
14.5849 6.14704 0.7688310844462825
11.6429 0.432142 0.6734148247538384
10.6844 9.76531 0.7488986125522955
