13.936 3.341 0.6202763808433018
3.882 4.955 1.1786713799828927
4.201 7.192 0.5057215496867752
13.548 1.888 1.1657769686250234
15.333 4.341 0.5098331120494546
9.479 6.153 0.5926160079223854
2.644 3.674 0.5525706124127484
4.521 1.147 1.0227235782020094
9.213 2.844 0.567125457989308
7.269 9.102 1.3732299296365504
3.912 9.079 0.655379682105406
6.791 4.664 0.7649330345067208
10.781 1.423 0.7686790779343581
11.369 0.131 1.2024160323630602
13.511 5.648 1.3618677213403274
1.758 6.712 1.2522974482884193
0.178 3.969 1.3239315912177116
11.737 6.575 0.947118906776198
5.688 0.769 1.39402533744983
11.253 2.674 1.4414076981709079
4.588 7.074 1.0381900616887811
7.378 4.649 0.7649249671994548
4.275 1.259 1.281451467008764
15.833 9.312 1.1113530090229253
6.478 0.990 0.886712119609327
