2.8536 9.95178 0.7394607571053908
7.31907 9.98016 0.6562455361195685
1.56011 6.25172 0.35583780145143207
1.5103 4.37727 0.53601222550274
14.9043 0.484329 0.4131978900352438
14.3139 2.90017 0.63328787934904
3.63683 7.69066 0.6777528953144054
6.57149 2.01971 0.3432831538788809
10.0491 6.04144 0.5899054711752778
7.22581 4.66353 0.45727903357439015
9.56523 6.34724 0.6376302118449362
13.6767 8.28791 0.3741243925498943
9.9964 7.20908 0.455842476980749
9.05203 3.75134 0.5113281938281178
2.94833 7.37907 0.37184193763223367
8.88211 9.05087 0.47891161375213465
3.88586 1.8894 0.4382385002129094
9.67559 6.98508 0.5075051414723142
9.3538 3.51299 0.285746921687467
7.91137 0.803858 0.7255574544204965
