2.82528 3.74248 0.9715506607681461
2.10602 7.43278 1.0487156067753953
15.2275 6.11988 0.7654649407176161
0.445326 3.29844 0.6799954245023471
0.894559 6.3921 1.1715661036498943
2.10602 8.47072 1.0453000416191958
13.829 5.96881 1.0735976582339957
11.5463 8.53969 0.69049441777856
0.23487 1.26469 0.7611258470893842
11.3265 6.17145 1.3779092714642218
3.48106 0.659505 1.3378826686714143
2.70272 6.24104 0.6037127200039373
5.45573 3.19407 1.2911351907358095
5.88104 6.61 1.3789870111713007
12.8383 8.06879 1.0725765849363837
8.42457 6.11103 0.7370413357317468
12.7709 9.00601 0.7508268483653258
2.31697 6.30177 1.3258484808305528
6.43867 2.537 0.8689995774815119
2.18464 8.5519 1.3767034739317596
