8.79275 3.45988 0.5586560029928164
7.54759 3.74981 0.5390545440045066
13.5517 3.16874 0.6991575426744449
7.29759 2.71889 0.25058592967378784
15.7275 2.978 0.6812798731730183
11.827 5.67278 0.6548607799758848
3.13584 7.61315 0.6003599799484132
13.4311 3.97656 0.6396344068155257
8.0144 8.90164 0.30417616410977805
0.439467 9.94629 0.68785750656457
9.16141 0.505081 0.26542077391560986
8.50124 1.94067 0.49117131712775225
13.4887 6.26759 0.6452683927720958
10.5218 1.97851 0.3224372235652468
13.4745 1.23325 0.3940214990129814
1.75884 7.43126 0.2520094838359814
