2.03571 0.657369 1.3856525186694106
12.5595 5.24583 1.08492246464285
9.7542 9.56114 0.5707483201349441
1.15629 8.75637 1.0232246105856606
10.4617 3.22123 1.1203482261885065
1.67681 5.05051 0.6788076040142055
3.63341 2.90292 1.4333518230442217
14.7197 5.51164 0.9730140924859051
10.6048 1.14536 1.221029498051263
7.88061 3.79131 0.783299371070518
7.94897 7.93359 0.7871297064056668
8.1482 3.82366 1.2389838120273025
11.0106 5.32151 1.1269011772325774
9.70049 3.95184 1.0122552019564124
0.0942412 7.07877 0.6065343831801094
1.60991 6.23066 1.36402609586861
13.8119 4.91501 0.9691540464687107
11.9574 4.96902 0.565555645182878
6.08173 7.85363 1.4681152499942995
8.845 3.57097 1.301052431603158
