13.897 5.980 0.5216886874296769
13.125 1.251 0.44798712124618983
10.569 3.532 0.6429639930133133
15.493 8.191 0.5562460254585568
15.264 5.227 0.6425870312073045
12.171 9.142 0.6576455882990756
12.563 1.241 0.3136666960055733
1.091 5.385 0.3797449764479531
6.594 2.569 0.395073894161769
5.469 3.101 0.4573370389829908
8.712 1.356 0.2535718514483471
5.235 8.332 0.6774795640273612
10.482 0.657 0.5281745251199926
12.131 3.162 0.3651541469140325
3.417 8.758 0.41704636027202924
13.971 2.222 0.6065118622565686
0.112 7.111 0.4087223022775881
1.388 5.033 0.695943056206844
7.607 5.211 0.6892693506199818
8.264 6.367 0.5309856406050393
4.813 2.810 0.5193557730516815
0.752 1.686 0.7473176064008322
4.070 6.512 0.6675843578581271
5.106 1.726 0.6322702086319286
6.807 7.885 0.4485650308178687
3.641 1.327 0.2682504188937314
9.637 7.203 0.5278886357227859
13.467 5.756 0.463101137587826
7.033 6.242 0.5331567669610562
14.715 8.960 0.4716504148896573
