10.507 8.591 0.1317592342529043
12.685 7.138 0.1424930305774854
6.624 1.453 0.2991018876072673
0.969 3.195 0.13304461737571696
8.034 0.925 0.19921024217088457
2.661 3.196 0.1584295645358172
15.594 6.966 0.17354933842613826
11.194 5.514 0.19020590331687762
4.183 0.662 0.22623032865648487
7.788 0.866 0.22006410622359476
9.530 5.642 0.36292322698173834
5.850 4.086 0.26821342222991196
6.194 0.184 0.3200400236751363
10.140 4.917 0.14542472983998025
6.979 4.081 0.3212566132470319
2.866 4.780 0.37009140327337453
8.524 6.781 0.2948568930390769
5.152 6.992 0.3532882375355525
6.244 9.136 0.1784554391856116
1.227 2.032 0.37076416818547653
12.695 3.729 0.18971873673386563
1.681 5.848 0.2566797670649029
4.448 2.956 0.3402752200916545
10.066 4.252 0.3695637220410136
0.658 8.494 0.3394190537183335
