9.15848 3.61339 0.7496726480412493
2.42488 2.25105 0.523095739657866
6.80245 8.02881 1.181302103896472
8.27369 9.8999 0.7752322038227714
12.0248 3.45561 1.1336935059767996
2.7037 6.57308 0.7083636654401229
7.87036 0.635395 0.801972738883541
11.1961 5.04807 0.9122153154218413
2.35994 9.49583 0.7000174499712585
2.26521 9.05118 0.6990253451178505
11.0863 3.03049 0.6608124876944271
6.82492 0.703757 1.0068458663073212
15.4658 6.83187 1.1972593399168976
2.45173 8.77255 0.5965172532655496
13.1469 5.82049 1.4760095950325525
3.06162 1.77892 1.187795862090931
13.0751 4.75265 0.8770647753963805
2.48885 5.03922 0.7053735388882529
11.7123 4.05591 0.8874698088267993
4.47328 5.68743 1.037723663741731
