14.7197 5.51164 0.5957134820638769
10.6048 1.14536 0.4211854213776719
7.88061 3.79131 0.33791672000293127
7.94897 7.93359 0.4412612907936913
8.1482 3.82366 0.43240275474654155
11.0106 5.32151 0.3418819152303048
9.70049 3.95184 0.3028601774643086
0.0942412 7.07877 0.7463980496977951
1.60991 6.23066 0.47068694169519504
13.8119 4.91501 0.7349044481984307
11.9574 4.96902 0.6299359928125705
6.08173 7.85363 0.6262009641030715
8.845 3.57097 0.36671579378815233
15.2915 6.30848 0.5319919821449802
2.82528 3.74248 0.7477418798184635
2.10602 7.43278 0.5982034819253103
