12.236 4.063 0.697778274232062
5.157 5.937 0.7108544709423475
10.165 1.604 0.330994421509017
10.094 8.355 0.5195249399180837
0.450 4.712 0.5366397880473917
10.406 9.678 0.25708702273462297
4.557 5.666 0.6425446526798804
15.054 6.205 0.3569544793724246
3.816 2.966 0.6851350856170787
8.196 8.873 0.6447951201639177
3.166 7.258 0.5431905107424756
11.341 0.238 0.451517094918586
8.895 4.421 0.353288439050738
13.435 6.216 0.6039321573144493
15.169 1.861 0.36421256381729583
1.344 8.706 0.5573406459557744
11.487 6.433 0.5930471597890326
3.388 9.207 0.5969110084747787
11.181 4.048 0.5868556083399386
12.088 7.096 0.6748734003741437
7.965 4.203 0.5408277912300661
9.650 1.531 0.5961209445302443
2.956 4.977 0.3160951196978971
14.552 6.444 0.6830503603939508
7.298 0.522 0.28943086900597254
