2.03571 0.657369 0.6701355561772069
12.5595 5.24583 0.36802081553741645
9.7542 9.56114 0.3248702283363903
1.15629 8.75637 0.33847099200438446
10.4617 3.22123 0.28061418844132785
1.67681 5.05051 0.33458505885101747
3.63341 2.90292 0.6115429835423942
14.7197 5.51164 0.6850452995857592
10.6048 1.14536 0.698565205333928
7.88061 3.79131 0.4524509422125016
7.94897 7.93359 0.5949841640584229
8.1482 3.82366 0.39865193523400794
11.0106 5.32151 0.4449919874096536
9.70049 3.95184 0.60589893497956
0.0942412 7.07877 0.31656385753199306
1.60991 6.23066 0.3164588058593748
13.8119 4.91501 0.6860994374138152
11.9574 4.96902 0.3421469160550474
6.08173 7.85363 0.5916148162699167
8.845 3.57097 0.43632165677522955
