13.328 4.037 0.535146432724406
2.072 1.596 0.5977045330738249
1.098 0.455 0.33420340291906203
8.536 9.377 0.41821434654389406
14.842 4.170 0.45113629452114057
14.424 1.983 0.7210520465995242
7.294 1.014 0.5139176752406704
3.403 3.259 0.4166641830943829
6.609 7.407 0.43052573070107814
11.000 8.210 0.7082279235025791
1.055 7.433 0.6177640341555869
1.915 0.046 0.5674772679688027
3.119 6.053 0.4153743673120179
9.706 9.575 0.7162764168945215
3.149 2.996 0.45690788823914774
13.994 3.226 0.5635358903100356
8.025 1.090 0.634814142188912
2.115 3.840 0.47556836794117546
8.569 3.121 0.33952954613364345
12.901 9.550 0.48421322870650363
14.052 7.886 0.43073202705319746
4.656 6.266 0.695261413290772
15.864 5.607 0.5366026114415237
15.078 1.659 0.5969208546458465
5.126 5.932 0.3583242379659043
9.138 6.691 0.4877364172809245
11.981 5.166 0.3299276152697803
15.904 0.648 0.6978730516527951
5.988 9.191 0.48544715691861784
4.714 8.635 0.45690559734910663
