9.550 5.727 0.5278039001037316
0.776 8.449 1.4627258265181853
5.963 9.047 0.6236142753832951
9.978 2.824 1.4344015332019695
12.846 8.014 0.7530412893910844
10.603 4.929 1.4922946769018877
6.769 7.869 0.6457020954074435
10.489 1.483 1.1862546527223916
11.100 1.624 0.9430579096075975
11.251 9.085 0.6685357838631403
3.821 0.502 1.1282986799212247
6.470 0.396 0.604267604560815
14.197 4.554 1.1221939007323636
7.068 0.266 1.2367871062132911
10.881 4.713 1.3499419937891726
9.918 1.080 0.882527914800741
8.661 0.075 1.1525241004596178
6.898 5.135 0.8781827551881629
9.877 7.560 0.7004308537332044
13.785 1.167 1.4409487627208866
3.454 3.781 1.0755599486053422
8.410 2.170 0.972077938655857
2.329 3.296 0.7728014658505858
5.406 2.855 1.0750381233708195
1.093 2.412 0.7405821383114047
10.048 0.421 0.7792337441074993
3.279 0.963 1.083454742617668
12.694 9.830 1.200518320382288
8.721 5.247 1.4259975725063414
7.908 0.409 0.8396716670524906
