0.912626 6.07685 0.9883904038073039
12.5331 8.02606 0.5567962493792664
8.31812 3.0195 1.2430087654465782
14.0156 7.26676 0.8629262878298747
15.2944 9.25718 0.7621176532663196
8.62966 1.42338 1.2865649225840228
7.39329 2.35328 1.3275177887131266
13.7958 2.09601 0.8132661042006338
12.4745 8.43654 1.3172026160956785
15.9487 9.99695 1.204287193424415
9.78399 3.92438 1.028800874754407
4.25941 2.97281 1.251340887896935
13.4423 0.237434 0.5119122513792109
6.01386 0.926237 1.3870686638842629
10.8353 0.562151 0.6025519717592697
0.140629 9.1879 1.1021010567109761
