14.178 8.676 0.15448394994732412
9.434 1.105 0.14861401766824664
14.117 8.250 0.2686187062803473
10.263 6.144 0.3100040447644836
6.284 3.985 0.19227096362649995
13.960 5.220 0.32135569495397737
6.338 0.018 0.23329623000008393
14.136 5.730 0.23921586494837344
1.307 2.346 0.22160807679225084
2.537 3.325 0.1901496902587662
9.429 3.343 0.1579443289223247
7.640 7.259 0.31106386698107913
12.062 9.554 0.16699961446535383
0.673 1.532 0.2829694895918443
10.320 9.889 0.17949730706133965
14.201 2.229 0.22294541318066927
2.371 9.857 0.2562609069015367
14.289 2.524 0.21832340601476852
13.822 1.482 0.32255701690451294
4.484 7.339 0.3400242158287349
4.363 9.321 0.22624445685631595
11.520 2.825 0.1468865310477542
8.524 8.748 0.30965613098458533
7.719 3.094 0.24445408157875392
12.716 1.167 0.21961166160881898
