8.31812 3.0195 0.27546863914595976
14.0156 7.26676 0.2806506845636844
15.2944 9.25718 0.19924556047853806
8.62966 1.42338 0.2861713785758909
7.39329 2.35328 0.3233908967550213
13.7958 2.09601 0.22771197365316043
12.4745 8.43654 0.33478091525629816
15.9487 9.99695 0.2697210175842645
9.78399 3.92438 0.22505842223629813
4.25941 2.97281 0.2007359048092376
13.4423 0.237434 0.17323549817062717
6.01386 0.926237 0.34589072758097816
10.8353 0.562151 0.13301832425694762
0.140629 9.1879 0.24029421391085493
4.4142 2.72897 0.2899054755904521
9.40654 6.91183 0.3571274446764107
13.4018 7.26493 0.13732086593344658
7.75903 2.05359 0.2893665245896282
