4.89322 1.73925 0.18762428320266084
1.73687 8.69045 0.22760229305433022
13.6196 7.44316 0.18081564763541844
2.4781 3.26914 0.27893069680144206
1.26957 0.766015 0.2635072490407121
10.2557 8.20002 0.2717161719132608
8.72146 4.48256 0.31619695998732344
6.54366 2.98746 0.28419944640162215
7.44896 5.01205 0.2739889346710668
2.44246 3.23038 0.16941820415163922
11.808 3.13883 0.23940347065692955
13.227 9.59075 0.2758991014662901
13.9736 7.25028 0.3159838025668318
4.80093 9.43999 0.14082266612223293
2.03571 0.657369 0.2083632862800114
12.5595 5.24583 0.2615081630342255
9.7542 9.56114 0.33726683266459545
1.15629 8.75637 0.22923538275931868
