14.677 2.444 0.5941846283365323
9.411 3.296 1.0710242449215688
6.700 7.646 1.1849383935206275
6.527 0.469 0.7713004220354127
8.951 0.351 1.3507484480041927
11.260 3.359 1.377185658873603
1.163 8.051 1.0854596384175421
8.564 7.770 1.1106942595959168
6.614 2.563 0.5159965018932562
9.739 0.660 0.5284179420627284
0.906 1.770 1.1310066820854998
6.359 3.313 1.0153694734977
7.031 9.433 0.6054685259243922
13.962 8.027 0.702240707233417
8.862 5.368 0.6942668439353646
6.120 1.223 0.5203667203011945
13.893 2.692 1.2452889523544268
14.337 6.845 1.1711720030383217
3.307 2.004 0.7626949139702028
12.792 6.412 0.7099602996686762
3.237 7.618 1.248355574624981
0.924 5.460 1.1812070708285805
7.616 6.595 0.5810785845208719
9.093 5.318 1.1927674394794132
4.920 2.299 1.1184338546270856
5.177 7.628 0.8349566252832433
1.066 5.309 0.962711899698273
13.474 0.765 1.4755123260052723
5.764 2.352 0.9438748275181782
10.123 9.808 1.2359852468279566
