13.4311 3.97656 1.4213175735762378
8.0144 8.90164 1.4436645194892614
0.439467 9.94629 0.9301581620058792
9.16141 0.505081 0.9059071322512342
8.50124 1.94067 1.4678411328551886
13.4887 6.26759 0.7959697134947903
10.5218 1.97851 1.221495135628747
13.4745 1.23325 0.8607869049888398
1.75884 7.43126 1.0161416179010545
5.02506 9.41069 1.3683942864960648
4.57729 3.36314 1.4088749643235676
2.24421 7.33085 1.141431076204487
13.3539 7.07999 1.0415807519392435
9.60381 7.47215 1.0310157042512627
4.04358 1.44475 1.1959162653660482
0.0258797 0.610065 1.4551398145431076
12.8998 8.52626 1.3549363666298258
3.36924 1.15604 1.290908050982818
