0.912626 6.07685 0.32412505656671586
12.5331 8.02606 0.4539261470883422
8.31812 3.0195 0.26132129088907546
14.0156 7.26676 0.5808427474143876
15.2944 9.25718 0.4598813673104327
8.62966 1.42338 0.3042444276821573
7.39329 2.35328 0.630535352265514
13.7958 2.09601 0.41861744299983933
12.4745 8.43654 0.5987023880963326
15.9487 9.99695 0.4932722982121974
9.78399 3.92438 0.47350970456769953
4.25941 2.97281 0.3751946953727778
13.4423 0.237434 0.46884536733893467
6.01386 0.926237 0.4163984922282213
10.8353 0.562151 0.4177482956729834
0.140629 9.1879 0.41549575784137466
