0.445326 3.29844 0.995668403563074
0.894559 6.3921 1.3161180796163272
2.10602 8.47072 0.9569443315341821
13.829 5.96881 1.1202422238021263
11.5463 8.53969 1.3043507110566126
0.23487 1.26469 0.5146794114393534
11.3265 6.17145 0.5370700293094993
3.48106 0.659505 1.0593303954136677
2.70272 6.24104 1.325631718799308
5.45573 3.19407 0.9451892156845271
5.88104 6.61 0.865980547555519
12.8383 8.06879 1.4193834667183136
8.42457 6.11103 1.0732310881484728
12.7709 9.00601 1.0695907761278585
2.31697 6.30177 0.806713609906555
6.43867 2.537 0.6395357025439311
