11.5506 4.75295 1.3679367493997794
1.96832 3.67809 1.1617830356847847
13.3549 0.350963 1.2438005573600344
8.27223 6.62984 1.2164506056436453
6.81954 1.04678 1.2790734462569568
15.1894 9.21384 0.6722029487141201
8.79275 3.45988 1.0895675000566398
7.54759 3.74981 1.183699514460411
13.5517 3.16874 0.973079655287212
7.29759 2.71889 1.0883169353741482
15.7275 2.978 0.5452542218688354
11.827 5.67278 0.9112595894710569
3.13584 7.61315 0.9241641784626329
13.4311 3.97656 0.7115806983493264
8.0144 8.90164 1.2587134196131995
0.439467 9.94629 1.171929705121138
9.16141 0.505081 1.1839964808595544
8.50124 1.94067 0.9974040631700046
13.4887 6.26759 0.9338238147511901
10.5218 1.97851 1.4815590574840032
