11.5506 4.75295 0.18639634516023598
1.96832 3.67809 0.1853979990557429
13.3549 0.350963 0.23002481684386636
8.27223 6.62984 0.21258403497566614
6.81954 1.04678 0.14199218242695
15.1894 9.21384 0.15497914057611
8.79275 3.45988 0.14426532809996326
7.54759 3.74981 0.1265387542350315
13.5517 3.16874 0.33762903929294164
7.29759 2.71889 0.18582558021481257
15.7275 2.978 0.17366657478751754
11.827 5.67278 0.12637715943980743
3.13584 7.61315 0.33897382329206105
13.4311 3.97656 0.15165536563207152
8.0144 8.90164 0.366800959743183
0.439467 9.94629 0.24793283315639425
9.16141 0.505081 0.180934279706287
8.50124 1.94067 0.13336014689472653
13.4887 6.26759 0.17030711053736916
10.5218 1.97851 0.297131948865107
