9.17362 3.02286 1.211318612583232
8.76882 2.25562 0.8103034579650962
4.9816 1.1063 0.7023057879790277
12.9286 1.34709 1.100668587232294
4.54799 7.8811 0.7910452198811925
14.3237 7.89636 1.0193186227989175
11.9008 6.15223 1.3217915324888732
5.77801 8.56655 0.8281936690681305
3.65587 8.63582 0.5218567408576106
3.67101 2.4955 0.8386273900904766
8.67849 9.84832 0.6244187368935326
0.860866 0.814234 0.6452964388734626
8.39479 4.26801 1.1284524323577416
1.51469 2.58797 1.144633441708954
14.2646 2.32765 0.6502512193345036
2.3448 1.25095 0.6781692442043806
14.9062 0.801111 1.0497112787081453
0.753441 0.587176 1.330269915838535
5.38249 9.14701 0.772649424347481
6.37764 4.32783 1.277986589737667
