15.140 3.470 0.3182581034151073
13.206 5.761 0.2615283296641111
3.403 8.839 0.3105411801648483
11.704 0.259 0.13370659928546252
15.703 9.019 0.12790537037964167
5.719 6.488 0.27188170145119517
3.394 2.719 0.27993339139042783
1.000 2.624 0.16566564256512983
7.126 4.747 0.2576448464998672
15.274 5.773 0.3509140743377029
9.271 0.453 0.2937002995106046
12.526 7.208 0.34945338570465057
12.981 5.270 0.2880714800500836
12.549 0.290 0.2722380343606423
11.095 3.356 0.3324008248025385
0.459 5.317 0.2774198487522018
7.575 2.881 0.20481072348728274
3.026 0.108 0.16095155663031943
11.753 4.787 0.31786949241746043
6.480 1.127 0.24754989501960878
11.801 6.410 0.2744676907392821
5.526 2.389 0.29486282417861964
14.221 2.269 0.3235974834437916
6.460 0.889 0.2525493275991513
15.800 6.482 0.15881390395992354
6.589 0.745 0.2495110573001528
9.477 6.059 0.3241426391090271
6.978 9.052 0.22206591603315998
3.511 1.917 0.2532779735966797
4.396 5.311 0.2464177977933725
