9.92608 6.91122 0.24185075811757697
12.8725 1.49113 0.36622505716827514
9.21659 8.67733 0.3691099337679724
14.5849 6.14704 0.17712063707353945
11.6429 0.432142 0.20700041595474233
10.6844 9.76531 0.1910673550450837
5.04019 5.69201 0.3045664145411412
4.89322 1.73925 0.37165494957777556
1.73687 8.69045 0.17775090907839136
13.6196 7.44316 0.35824232318013693
2.4781 3.26914 0.156683139678898
1.26957 0.766015 0.37253732988044874
10.2557 8.20002 0.25078419679662867
8.72146 4.48256 0.1941749701506684
6.54366 2.98746 0.3427066972390598
7.44896 5.01205 0.20710482232763014
2.44246 3.23038 0.23191145050045261
11.808 3.13883 0.22473517596394704
13.227 9.59075 0.2919399922577737
13.9736 7.25028 0.1853540772367276
