12.254 9.089 0.14547294971562072
1.892 1.795 0.14279481791964937
3.543 7.070 0.27875451186556577
7.380 7.914 0.13160788325228845
3.446 3.916 0.3691713886682024
14.443 2.684 0.32945718447532835
12.226 4.615 0.2659095213755821
8.409 1.942 0.3491754856235882
5.670 7.543 0.27047554031419985
9.062 8.429 0.16316957836907198
9.744 9.124 0.35697951062854205
13.868 7.361 0.36845789459878686
10.224 8.123 0.32506517368848414
8.920 4.016 0.2929021191882494
8.769 2.957 0.2725093217101867
9.686 6.053 0.21766668626919639
7.963 3.809 0.350478231086285
4.815 7.356 0.30267541643492646
1.960 4.872 0.3235500429696486
0.491 9.763 0.2553502041300857
5.486 5.145 0.1870753189537799
7.507 3.699 0.344294005790466
13.129 1.707 0.3236910651635662
10.236 7.504 0.2235438009443188
6.547 0.535 0.1538174104875653
