15.2944 9.25718 0.20308264031652595
8.62966 1.42338 0.2785645426130525
7.39329 2.35328 0.1270826037490355
13.7958 2.09601 0.2432551837450802
12.4745 8.43654 0.22535174555629015
15.9487 9.99695 0.2699687876640299
9.78399 3.92438 0.2725865693218412
4.25941 2.97281 0.34426152810268096
13.4423 0.237434 0.29496861980664135
6.01386 0.926237 0.29806445737681897
10.8353 0.562151 0.16536932858539521
0.140629 9.1879 0.2342251194050216
4.4142 2.72897 0.16378359909775608
9.40654 6.91183 0.34386248445418666
13.4018 7.26493 0.35047057033298545
7.75903 2.05359 0.1803789604317714
11.8998 4.68459 0.1317651537001493
7.32737 9.49156 0.21580906488013105
11.911 1.0828 0.2730294815379886
9.58477 3.85235 0.18527866046479316
