15.051 0.270 0.5491065064523757
5.394 2.439 0.7399046027499288
9.138 9.694 0.5914048399990961
3.726 6.213 0.4206433112772298
14.952 5.126 0.4606263192849537
1.235 4.464 0.47159210191791323
1.282 1.575 0.30704715448929243
4.384 6.800 0.7394496916155697
10.595 5.226 0.5328688093722155
11.141 8.661 0.35123871792552636
2.513 3.090 0.40203570719074705
5.398 7.853 0.4672517278730616
15.257 6.843 0.6884082515145629
11.929 5.397 0.7036960080298813
15.769 1.977 0.5463660550664727
0.059 7.968 0.576489768385132
14.534 2.319 0.7137868312040074
2.374 5.086 0.7162002309211737
11.420 2.395 0.4169785333479996
15.023 0.717 0.41553469786182295
6.392 8.840 0.4598309015648887
0.977 7.436 0.6008633109397098
14.935 2.480 0.5143602947270778
6.123 1.987 0.586985643336784
7.074 5.649 0.27258358716371534
3.297 5.688 0.4922675169795522
12.865 2.819 0.6178105262604041
7.036 7.120 0.4384058507478495
11.126 5.375 0.6536211990730476
13.272 9.920 0.37639024404680727
