13.897 5.980 0.32399362170120766
13.125 1.251 0.3178831605350042
10.569 3.532 0.33808086231059065
15.493 8.191 0.20894939639775748
15.264 5.227 0.3266910026622521
12.171 9.142 0.27267817895465596
12.563 1.241 0.31150649840707356
1.091 5.385 0.3515947424716643
6.594 2.569 0.3085851918257514
5.469 3.101 0.2875741968174367
8.712 1.356 0.19501710105451137
5.235 8.332 0.34051782716017515
10.482 0.657 0.35067227135807094
12.131 3.162 0.1944991451908637
3.417 8.758 0.1917812210262169
13.971 2.222 0.14507312662452018
0.112 7.111 0.2414847131470944
1.388 5.033 0.31040964685558275
7.607 5.211 0.3603891742738684
8.264 6.367 0.15996814689285774
4.813 2.810 0.2521000722197956
0.752 1.686 0.34619402303763946
4.070 6.512 0.25548110832382986
5.106 1.726 0.3137469526569374
6.807 7.885 0.3434630420158421
3.641 1.327 0.3605867546836189
9.637 7.203 0.2463616152990139
13.467 5.756 0.3038993631645527
7.033 6.242 0.14505560399579964
14.715 8.960 0.2407481553661497
