0.912626 6.07685 0.26380702099806175
12.5331 8.02606 0.1449044558172165
8.31812 3.0195 0.1708820432245571
14.0156 7.26676 0.30686911194159183
15.2944 9.25718 0.29459280189264486
8.62966 1.42338 0.30810242805095306
7.39329 2.35328 0.20007468420205354
13.7958 2.09601 0.3046214905895903
12.4745 8.43654 0.3196815683731517
15.9487 9.99695 0.1261674358955123
9.78399 3.92438 0.31637066732531616
4.25941 2.97281 0.20894206723600395
13.4423 0.237434 0.2677416439189158
6.01386 0.926237 0.33796811833857404
10.8353 0.562151 0.20022693063742336
0.140629 9.1879 0.28662207909453696
