2.82528 3.74248 0.2984991408129641
2.10602 7.43278 0.18277596413516278
15.2275 6.11988 0.21283216406310024
0.445326 3.29844 0.2798009894770937
0.894559 6.3921 0.33497208171282444
2.10602 8.47072 0.21715262061344368
13.829 5.96881 0.17254739972663377
11.5463 8.53969 0.31937457244777756
0.23487 1.26469 0.36643283402259147
11.3265 6.17145 0.15177974438078315
3.48106 0.659505 0.31984304546850234
2.70272 6.24104 0.22998721965423552
5.45573 3.19407 0.35284047383636863
5.88104 6.61 0.21021875184917022
12.8383 8.06879 0.28577596459990695
8.42457 6.11103 0.24845884744270016
12.7709 9.00601 0.16317819261911687
2.31697 6.30177 0.13402994669004709
6.43867 2.537 0.18812467675095187
2.18464 8.5519 0.2604443605102952
