1.67681 5.05051 0.98226617033233
3.63341 2.90292 1.1677689926958967
14.7197 5.51164 1.1343157148868481
10.6048 1.14536 1.0777602429252988
7.88061 3.79131 1.158188314158026
7.94897 7.93359 0.6305808704008528
8.1482 3.82366 0.6593113696750715
11.0106 5.32151 1.271537186771106
9.70049 3.95184 0.6645165605820397
0.0942412 7.07877 1.215596340645622
1.60991 6.23066 0.8057365451286781
13.8119 4.91501 1.4440706557973706
11.9574 4.96902 1.1761102527854095
6.08173 7.85363 0.918163260527332
8.845 3.57097 1.330098718093017
15.2915 6.30848 0.9673881355822234
2.82528 3.74248 1.4506309955058379
2.10602 7.43278 0.996668859493021
