9.92608 6.91122 1.4459941733406778
12.8725 1.49113 1.1788789251891396
9.21659 8.67733 0.7321869200266307
14.5849 6.14704 0.8388448635590068
11.6429 0.432142 0.8125497852009776
10.6844 9.76531 1.3255491125947136
5.04019 5.69201 0.901840417240559
4.89322 1.73925 1.4174993039362702
1.73687 8.69045 1.444626528755951
13.6196 7.44316 0.9695835281374199
2.4781 3.26914 0.9512302619079749
1.26957 0.766015 1.4088778309419157
10.2557 8.20002 1.3478654852673784
8.72146 4.48256 1.4659528938409516
6.54366 2.98746 0.8200123134608881
7.44896 5.01205 1.3283564989083558
2.44246 3.23038 0.8415528459043359
11.808 3.13883 1.3572140402057469
13.227 9.59075 1.2338648878381624
13.9736 7.25028 0.7425703369997365
