15.2944 9.25718 0.742172990023013
8.62966 1.42338 0.39072227426170447
7.39329 2.35328 0.49689391605239785
13.7958 2.09601 0.5672550372875904
12.4745 8.43654 0.3821563309546835
15.9487 9.99695 0.4887158955696104
9.78399 3.92438 0.3281019842303768
4.25941 2.97281 0.2763253200657735
13.4423 0.237434 0.6307461164767709
6.01386 0.926237 0.5236386040638679
10.8353 0.562151 0.6991635557545455
0.140629 9.1879 0.250046803338006
4.4142 2.72897 0.5442129870026701
9.40654 6.91183 0.6597965139494113
13.4018 7.26493 0.5767466877632637
7.75903 2.05359 0.27182093512935335
11.8998 4.68459 0.7048725816800131
7.32737 9.49156 0.28135385568055676
11.911 1.0828 0.318304450030257
9.58477 3.85235 0.6618304471307176
