4.57729 3.36314 0.2220528266988387
2.24421 7.33085 0.23903075924080472
13.3539 7.07999 0.13188051464645748
9.60381 7.47215 0.24080720631200428
4.04358 1.44475 0.20692862711352836
0.0258797 0.610065 0.3684611981388366
12.8998 8.52626 0.3367182981303004
3.36924 1.15604 0.25789333974577233
8.85134 0.142521 0.12542766584798462
1.82037 4.54512 0.3347234285997186
12.0355 6.86148 0.2819327116937913
8.69509 0.738853 0.34678257987421623
6.98752 2.01941 0.17270405397372826
11.1395 2.90353 0.15236658976518405
6.98703 2.32429 0.25617595592725084
9.24589 5.32579 0.17079721535424566
