8.76882 2.25562 0.37951993738375145
4.9816 1.1063 0.32904652034469506
12.9286 1.34709 0.6348231917453218
4.54799 7.8811 0.45751367646719937
14.3237 7.89636 0.6672363154659015
11.9008 6.15223 0.40276323542609527
5.77801 8.56655 0.5656540710503559
3.65587 8.63582 0.5705893840506177
3.67101 2.4955 0.5358080509718455
8.67849 9.84832 0.30726777234574176
0.860866 0.814234 0.282617213077198
8.39479 4.26801 0.7116368194101692
1.51469 2.58797 0.5138003435752672
14.2646 2.32765 0.36052805004209626
2.3448 1.25095 0.7149637549567256
14.9062 0.801111 0.5473639489129366
0.753441 0.587176 0.49522238793321244
5.38249 9.14701 0.36451220116708255
