10.507 8.591 1.0975916838187234
12.685 7.138 0.7214288840192672
6.624 1.453 1.4524802464672146
0.969 3.195 1.214015687157437
8.034 0.925 0.556400619648598
2.661 3.196 0.9399289258099783
15.594 6.966 1.2997926980809023
11.194 5.514 1.2015997228939588
4.183 0.662 1.1659073405494202
7.788 0.866 0.5580157369590082
9.530 5.642 0.5670214909106649
5.850 4.086 0.7034971358792784
6.194 0.184 1.458662273964731
10.140 4.917 0.7659640851862243
6.979 4.081 0.985234852534613
2.866 4.780 1.1678798022251282
8.524 6.781 0.6798436325310936
5.152 6.992 1.4152163613529978
6.244 9.136 0.9192777455950374
1.227 2.032 1.0293426246505049
12.695 3.729 0.9891427172244033
1.681 5.848 1.2711894218239383
4.448 2.956 0.8502817974872129
10.066 4.252 1.2055975067027282
0.658 8.494 1.0549802362072764
