13.936 3.341 0.32117111093717743
3.882 4.955 0.14924814270332823
4.201 7.192 0.35000839165722275
13.548 1.888 0.3055243100798174
15.333 4.341 0.174504486476921
9.479 6.153 0.2969217754329848
2.644 3.674 0.357143624560155
4.521 1.147 0.34288197486730787
9.213 2.844 0.18952247088082932
7.269 9.102 0.20194981951437993
3.912 9.079 0.22762679178451364
6.791 4.664 0.3455459642596933
10.781 1.423 0.2212503813698666
11.369 0.131 0.22405232623214077
13.511 5.648 0.23161346950528408
1.758 6.712 0.3245192516232107
0.178 3.969 0.16590367141164128
11.737 6.575 0.22688128113328582
5.688 0.769 0.14804524948638734
11.253 2.674 0.36689378827607244
4.588 7.074 0.2014031336041585
7.378 4.649 0.14943710391028828
4.275 1.259 0.17272819628175073
15.833 9.312 0.1504315291247315
6.478 0.990 0.27043556085803455
