0.445326 3.29844 0.19970249499335002
0.894559 6.3921 0.37463932135890166
2.10602 8.47072 0.257968209219705
13.829 5.96881 0.2608355095347828
11.5463 8.53969 0.22879825218911554
0.23487 1.26469 0.16629304812626378
11.3265 6.17145 0.17518762707795726
3.48106 0.659505 0.33325209548350876
2.70272 6.24104 0.24244525543409523
5.45573 3.19407 0.2657852530771917
5.88104 6.61 0.3141147534055626
12.8383 8.06879 0.24342368598331135
8.42457 6.11103 0.12876388019829113
12.7709 9.00601 0.3397705243322748
2.31697 6.30177 0.3058156518195162
6.43867 2.537 0.26736183262006963
2.18464 8.5519 0.2814608182566928
1.05863 4.27808 0.3655550365977709
