4.57729 3.36314 0.8315578115081916
2.24421 7.33085 0.843689637002919
13.3539 7.07999 0.9697214388577481
9.60381 7.47215 1.150353827582761
4.04358 1.44475 0.7500467668183038
0.0258797 0.610065 1.4300736238543184
12.8998 8.52626 0.7498653757212715
3.36924 1.15604 0.6691947666745582
8.85134 0.142521 0.9622972855620303
1.82037 4.54512 0.8557050829076166
12.0355 6.86148 0.9684663902285491
8.69509 0.738853 1.4427188465135714
6.98752 2.01941 0.9256672096786271
11.1395 2.90353 0.9977667820769245
6.98703 2.32429 0.8297213576862499
9.24589 5.32579 1.114319638900919
