2.94833 7.37907 0.32692897884938366
8.88211 9.05087 0.35143232084780873
3.88586 1.8894 0.21873775759467123
9.67559 6.98508 0.3437894020098679
9.3538 3.51299 0.36216608657714033
7.91137 0.803858 0.155817524658568
11.8519 6.12049 0.1636903681828851
9.92608 6.91122 0.1271121915799642
12.8725 1.49113 0.372567017203129
9.21659 8.67733 0.1361802892757538
14.5849 6.14704 0.22298328126909694
11.6429 0.432142 0.27547879177444146
10.6844 9.76531 0.28578286665655206
5.04019 5.69201 0.1623088572717588
4.89322 1.73925 0.1833428347743462
1.73687 8.69045 0.36027441444557295
