2.4781 3.26914 0.9239651378895976
1.26957 0.766015 1.2468063453094367
10.2557 8.20002 1.069737126671634
8.72146 4.48256 1.4683051807927392
6.54366 2.98746 0.760907167229958
7.44896 5.01205 1.0684437257291637
11.808 3.13883 1.2836114620632861
13.227 9.59075 0.9788629348290326
13.9736 7.25028 0.5247748891672154
4.80093 9.43999 1.3511178257471408
2.03571 0.657369 1.1737846175411943
12.5595 5.24583 1.1656721242174863
9.7542 9.56114 0.9830544543529188
1.15629 8.75637 0.5080715037099343
10.4617 3.22123 0.5126602460256371
1.67681 5.05051 1.305418467245724
