3.06162 1.77892 0.14827650489967176
13.0751 4.75265 0.1873135761958312
2.48885 5.03922 0.3127121043337511
11.7123 4.05591 0.30132905459781056
4.47328 5.68743 0.34057490871345836
10.9159 7.55852 0.2211168862568254
11.5506 4.75295 0.1678554333803058
1.96832 3.67809 0.21977086541943278
13.3549 0.350963 0.3013478719684619
8.27223 6.62984 0.24865211163560444
6.81954 1.04678 0.29371795839619275
15.1894 9.21384 0.3317408387907258
8.79275 3.45988 0.25908811085277994
7.54759 3.74981 0.25165264143756505
13.5517 3.16874 0.2867605156468647
7.29759 2.71889 0.3140172554002947
15.7275 2.978 0.26256592802154716
11.827 5.67278 0.2386094866770295
