9.550 5.727 0.25969094992298136
0.776 8.449 0.2538713724747169
5.963 9.047 0.3178453059586531
9.978 2.824 0.2886019384406586
12.846 8.014 0.17036558688648476
10.603 4.929 0.3463365642435293
6.769 7.869 0.18921360804353088
10.489 1.483 0.14230376210452972
11.100 1.624 0.3427535105858288
11.251 9.085 0.21419794404120604
3.821 0.502 0.3099979600430936
6.470 0.396 0.2149361293526277
14.197 4.554 0.16485401297763824
7.068 0.266 0.33095997640443164
10.881 4.713 0.3363488892766455
9.918 1.080 0.35826812675777076
8.661 0.075 0.17767455001592203
6.898 5.135 0.12673085648205554
9.877 7.560 0.23602055279158704
13.785 1.167 0.22643090860370896
3.454 3.781 0.2583033733702097
8.410 2.170 0.34247755688807574
2.329 3.296 0.16381329416168094
5.406 2.855 0.19400630969421556
1.093 2.412 0.21161701652368162
10.048 0.421 0.3157970541970254
3.279 0.963 0.33291524335680556
12.694 9.830 0.17146995666114836
8.721 5.247 0.2554374448387169
7.908 0.409 0.24777966850732286
