8.31812 3.0195 0.6236244181558127
14.0156 7.26676 0.5267504097237836
15.2944 9.25718 1.0421902850550455
8.62966 1.42338 0.6331586679782842
7.39329 2.35328 0.5455918880492946
13.7958 2.09601 0.8108349021534637
12.4745 8.43654 0.689798870259005
15.9487 9.99695 1.477414153501948
9.78399 3.92438 0.8536103797146619
4.25941 2.97281 0.5338213549272601
13.4423 0.237434 0.7378432998332277
6.01386 0.926237 0.8167788059313693
10.8353 0.562151 1.1379380807549944
0.140629 9.1879 1.0462442789863848
4.4142 2.72897 1.1187016273542558
9.40654 6.91183 1.263399566332132
13.4018 7.26493 1.000276782086696
7.75903 2.05359 1.3176131609703343
