1.82037 4.54512 0.29381250491736705
12.0355 6.86148 0.2990211684581819
8.69509 0.738853 0.5649515855239536
6.98752 2.01941 0.6668724675082769
11.1395 2.90353 0.3697032787301859
6.98703 2.32429 0.5738714653782482
9.24589 5.32579 0.6465137203408813
10.0589 1.60192 0.5468751378109551
8.06616 9.63042 0.6265198033040605
11.1322 9.24802 0.4262241174602229
3.03916 3.35948 0.5690233749434042
2.8536 9.95178 0.5465490403031383
7.31907 9.98016 0.39216741047275794
1.56011 6.25172 0.7144992192550905
14.9043 0.484329 0.32411468195009835
14.3139 2.90017 0.5704402174006911
3.63683 7.69066 0.35178740260344943
6.57149 2.01971 0.6976418041918402
