7.32737 9.49156 0.3181703663837953
11.911 1.0828 0.36090092254362205
9.58477 3.85235 0.22702349327418955
11.7601 6.08966 0.3293803604287381
9.15848 3.61339 0.19064375071405876
2.42488 2.25105 0.23180346854435427
6.80245 8.02881 0.1638551247972852
8.27369 9.8999 0.25251504435385536
12.0248 3.45561 0.15812228382768034
2.7037 6.57308 0.29913467740468147
7.87036 0.635395 0.3487325545595217
11.1961 5.04807 0.2682479809641683
2.35994 9.49583 0.15534176707042868
2.26521 9.05118 0.315582486577285
11.0863 3.03049 0.3682563747264225
6.82492 0.703757 0.19334629858440683
15.4658 6.83187 0.37202247152161005
2.45173 8.77255 0.21806784092934528
