13.4311 3.97656 0.35534196702575144
8.0144 8.90164 0.26747132431780485
0.439467 9.94629 0.3641408274058935
9.16141 0.505081 0.3077534285382315
8.50124 1.94067 0.24272144858164146
13.4887 6.26759 0.2127449130243771
10.5218 1.97851 0.27026948817129726
13.4745 1.23325 0.2541051029887101
1.75884 7.43126 0.2602080103331895
5.02506 9.41069 0.2582493871178841
4.57729 3.36314 0.2534567206977209
2.24421 7.33085 0.1400598317539314
13.3539 7.07999 0.1965351703136954
9.60381 7.47215 0.17304845990294737
4.04358 1.44475 0.3467358147408308
0.0258797 0.610065 0.12805108874162194
12.8998 8.52626 0.20714620777602027
3.36924 1.15604 0.30229042044417964
