1.82037 4.54512 1.4475831021951424
12.0355 6.86148 1.2517250995988265
8.69509 0.738853 1.4845660994768455
6.98752 2.01941 1.4839749535758568
11.1395 2.90353 1.095940234621121
6.98703 2.32429 1.2354574092331974
9.24589 5.32579 1.2443134387893526
10.0589 1.60192 0.8041816651700322
8.06616 9.63042 1.3812630850468768
11.1322 9.24802 1.0182190454539635
3.03916 3.35948 1.3357781597477882
2.8536 9.95178 0.6392644551694421
7.31907 9.98016 0.5436354043288015
1.56011 6.25172 0.5823261653544396
14.9043 0.484329 1.2757451425336561
14.3139 2.90017 1.3041879804170158
3.63683 7.69066 1.3642963559735386
6.57149 2.01971 0.5637953387795971
