14.178 8.676 0.3164947944914926
9.434 1.105 0.461298280630961
14.117 8.250 0.48899481019386853
10.263 6.144 0.27535502455667976
6.284 3.985 0.7140461290457666
13.960 5.220 0.7362822331364907
6.338 0.018 0.2596076719636045
14.136 5.730 0.3728864447586668
1.307 2.346 0.6859559182204689
2.537 3.325 0.5501309233323085
9.429 3.343 0.3305997431686081
7.640 7.259 0.6867386179506292
12.062 9.554 0.6317557994507674
0.673 1.532 0.48130985756804606
10.320 9.889 0.6020725296536886
14.201 2.229 0.32839660849664914
2.371 9.857 0.3547460288929156
14.289 2.524 0.31002266676291
13.822 1.482 0.4317873985416966
4.484 7.339 0.26351955969507385
4.363 9.321 0.4904948833535946
11.520 2.825 0.43321222851571045
8.524 8.748 0.708107924021356
7.719 3.094 0.6144360928285753
12.716 1.167 0.4763613045122345
