12.254 9.089 0.6168565470213896
1.892 1.795 0.4850451911975535
3.543 7.070 0.6655698971308731
7.380 7.914 0.516659842465713
3.446 3.916 0.522619608219441
14.443 2.684 0.25371773142172344
12.226 4.615 0.5553518262915874
8.409 1.942 0.40183384487736523
5.670 7.543 0.3564495646944491
9.062 8.429 0.57283431348114
9.744 9.124 0.5340194942646689
13.868 7.361 0.5999273584494043
10.224 8.123 0.32864524718661964
8.920 4.016 0.3185478039968894
8.769 2.957 0.3085572308162035
9.686 6.053 0.5005280900712312
7.963 3.809 0.6400248363234977
4.815 7.356 0.6184444096618962
1.960 4.872 0.4201755897259438
0.491 9.763 0.3531828846023081
5.486 5.145 0.6320219013520567
7.507 3.699 0.6355567427014217
13.129 1.707 0.31850453397819173
10.236 7.504 0.400250776343827
6.547 0.535 0.5388796792515982
