9.439 2.882 0.16219771168987906
1.655 5.292 0.1271514275437316
4.569 8.979 0.31072186712255784
13.747 0.056 0.17787430804619028
4.945 3.502 0.2637346044877945
7.615 7.899 0.18618597369956533
15.501 8.706 0.3295224401778249
3.078 1.347 0.3697928730517156
14.891 5.283 0.34879289632700494
6.117 8.640 0.15383261005237114
10.397 3.293 0.2733748137414025
3.811 9.746 0.12515169323913738
3.862 5.701 0.23080905940982102
10.426 4.835 0.3479823282738872
8.169 2.840 0.22855123906351635
10.971 6.791 0.23329846711602759
4.916 7.924 0.28696650540802393
5.830 1.477 0.18071067514683417
1.721 6.525 0.28137461142044196
13.556 6.142 0.16390943204432704
7.059 0.509 0.15610760272974913
0.180 7.794 0.1417614903375391
1.150 4.204 0.18617552681714808
2.665 1.961 0.21031907074719466
6.772 5.408 0.2777999203990775
15.508 4.786 0.17045415808199121
11.875 0.165 0.37100848925926516
7.605 1.787 0.20008532130544848
10.695 0.026 0.2935116355169563
14.028 8.230 0.2325627363698352
