4.89322 1.73925 0.8590903696575896
1.73687 8.69045 1.0990669952362175
13.6196 7.44316 1.388969683813035
2.4781 3.26914 1.2301024275876995
1.26957 0.766015 0.914597302780834
10.2557 8.20002 0.8803594237691971
8.72146 4.48256 0.7811200890360939
6.54366 2.98746 1.0008045753318093
7.44896 5.01205 1.1808919429314115
2.44246 3.23038 0.7346458384937548
11.808 3.13883 0.5820495761099412
13.227 9.59075 1.0335935290307057
13.9736 7.25028 1.4977531733007696
4.80093 9.43999 1.2970485374084841
2.03571 0.657369 0.8199732267064903
12.5595 5.24583 0.8743294332938435
9.7542 9.56114 1.2363932393265715
1.15629 8.75637 0.8050630035093994
