10.186 1.224 0.2431566384283654
12.333 1.589 0.35310892780738806
2.570 0.347 0.35252536733118167
4.661 6.963 0.28315532368887664
6.869 2.344 0.2713759613368557
14.330 9.107 0.2155375931281463
8.994 1.221 0.3124928882259077
9.999 5.120 0.3375295170475868
7.940 9.488 0.2769332369028821
8.854 7.754 0.3207372424041437
15.568 1.943 0.21622982187924294
5.387 6.740 0.2603526209606014
6.674 7.158 0.13309599637011724
14.092 8.207 0.34582284498300325
15.090 1.359 0.23084237291095175
11.746 0.485 0.2873948780299529
15.085 5.071 0.3218828527221377
6.408 2.716 0.3016134124167663
1.426 3.398 0.31461849497001326
7.833 3.778 0.20248804160932196
8.638 0.573 0.3410192138392598
5.374 3.118 0.13485995841559356
3.929 4.687 0.2340103445034804
9.366 9.831 0.12815974120747836
9.906 9.029 0.24595258212947033
0.596 9.535 0.30009302429267326
2.754 8.682 0.2500118003406583
5.053 0.757 0.25144389070600215
12.510 0.160 0.13925650694596606
6.277 9.336 0.2615773459823595
