15.051 0.270 0.6079172101081873
5.394 2.439 1.243138994294556
9.138 9.694 0.5763722636680447
3.726 6.213 1.1793593554275732
14.952 5.126 0.9630821975687169
1.235 4.464 1.4239959361181858
1.282 1.575 1.081907935424403
4.384 6.800 1.0660947175879025
10.595 5.226 1.0528835474875935
11.141 8.661 1.4390137580733189
2.513 3.090 1.227305134224228
5.398 7.853 0.8760474031252619
15.257 6.843 1.2076286471220934
11.929 5.397 0.770164235081423
15.769 1.977 1.0413544021564305
0.059 7.968 0.9011087130687828
14.534 2.319 0.7606099250032076
2.374 5.086 0.9923200694213093
11.420 2.395 0.8257339160428722
15.023 0.717 0.598131464800156
6.392 8.840 1.0389445374662851
0.977 7.436 1.0065796210222477
14.935 2.480 1.3379975843187626
6.123 1.987 0.7653184367085512
7.074 5.649 0.6892906793555882
3.297 5.688 1.2106334214391898
12.865 2.819 1.213327894575479
7.036 7.120 1.099197835583136
11.126 5.375 1.2762981343395385
13.272 9.920 0.6765487810748494
