0.445326 3.29844 0.26722842812887904
0.894559 6.3921 0.35785640599028384
2.10602 8.47072 0.4777914925948063
13.829 5.96881 0.5291556317229826
11.5463 8.53969 0.6989143852173381
0.23487 1.26469 0.26615920960859163
11.3265 6.17145 0.4961207556478509
3.48106 0.659505 0.39271314535464247
2.70272 6.24104 0.6401234592968361
5.45573 3.19407 0.2831826521503455
5.88104 6.61 0.4141221755170021
12.8383 8.06879 0.6381642170197964
8.42457 6.11103 0.4497115806977555
12.7709 9.00601 0.6278368931545557
2.31697 6.30177 0.6781739857341367
6.43867 2.537 0.5163399062318154
