8.54762 8.42097 0.12698771119198066
11.0965 3.97687 0.19826927319143228
4.14661 0.0433363 0.22768088468605152
8.40944 9.54802 0.15249296523211858
6.3791 2.41096 0.32304475974894564
9.36894 2.55135 0.18490058384072555
10.9442 9.4528 0.3346181608050394
6.96799 8.90225 0.32461021808487955
0.11475 9.40977 0.18050279847077835
9.62481 7.86157 0.2942809611500756
9.22684 1.4243 0.24344916858164153
3.55724 3.83007 0.2769565933086512
0.0683615 4.1792 0.24388191965805658
1.31596 6.59932 0.313461740188543
13.6816 0.648518 0.1266526539977799
12.977 6.62069 0.25931074905820406
11.0638 8.02698 0.32606284883016456
8.48219 6.85629 0.2139086682299934
2.28425 6.89505 0.169409881315654
11.6464 7.77734 0.26835245648702055
