2.26521 9.05118 0.44437411555394635
11.0863 3.03049 0.5891267865154339
6.82492 0.703757 0.3109997929707473
15.4658 6.83187 0.2717918182658521
13.1469 5.82049 0.2891688668796279
3.06162 1.77892 0.29611143511210136
13.0751 4.75265 0.4739193157654196
2.48885 5.03922 0.42886977634459167
11.7123 4.05591 0.3354881962504057
4.47328 5.68743 0.49544171919296937
10.9159 7.55852 0.4256135921971364
11.5506 4.75295 0.46053827005874837
1.96832 3.67809 0.44256189762219555
13.3549 0.350963 0.34676050081121246
8.27223 6.62984 0.5765197154979171
6.81954 1.04678 0.4936955252707055
