14.680 7.064 0.6845460759080351
3.986 7.274 0.3589275101967115
4.451 3.103 0.44011656990253833
13.494 9.632 0.31380926410051574
13.104 1.767 0.5426080472409325
5.727 5.360 0.3600046153450454
14.651 7.120 0.4897801340506932
10.003 6.345 0.3812070198093135
4.438 4.806 0.5612814367493821
9.872 4.438 0.2614962828589254
12.995 9.749 0.30675003355065406
15.363 7.486 0.4860366958429791
2.312 6.157 0.5511242481588872
14.498 0.765 0.6303354288784919
6.647 4.768 0.3305117820455818
12.327 0.815 0.2544908289094898
12.120 6.904 0.3500725445057122
13.326 7.330 0.4300026456441058
4.350 9.823 0.2594252300306644
1.161 8.361 0.7061249011353616
12.702 2.378 0.30310151017246295
6.748 2.717 0.3578278877061328
15.335 9.168 0.5413904574886851
15.813 6.251 0.37823040095026417
7.266 8.455 0.27420729927212806
