7.22581 4.66353 0.4631552877402208
9.56523 6.34724 0.2737467971231409
13.6767 8.28791 0.46237882693743043
9.9964 7.20908 0.331418272526284
9.05203 3.75134 0.280565977393157
2.94833 7.37907 0.331429312817922
8.88211 9.05087 0.3057911840637316
3.88586 1.8894 0.39755570013451585
9.67559 6.98508 0.696841191620184
9.3538 3.51299 0.3383838507747866
7.91137 0.803858 0.5195573000067195
11.8519 6.12049 0.6460081082615138
9.92608 6.91122 0.5250084421154022
12.8725 1.49113 0.5542137821541647
9.21659 8.67733 0.5704729441038825
14.5849 6.14704 0.3013957758334578
11.6429 0.432142 0.2614155693644163
10.6844 9.76531 0.5773763650433732
