0.445326 3.29844 0.201884016938365
0.894559 6.3921 0.13756156016339585
2.10602 8.47072 0.1767514676631391
13.829 5.96881 0.22817031498559853
11.5463 8.53969 0.36720253812990367
0.23487 1.26469 0.1736920853783219
11.3265 6.17145 0.3339998421617541
3.48106 0.659505 0.23040508912788937
2.70272 6.24104 0.2519737070145943
5.45573 3.19407 0.2006680915286427
5.88104 6.61 0.1927066996009282
12.8383 8.06879 0.3290340867795747
8.42457 6.11103 0.18849641642349058
12.7709 9.00601 0.29644447810739205
2.31697 6.30177 0.2082768034076775
6.43867 2.537 0.15808782134583255
