8.79275 3.45988 1.3545027800093736
7.54759 3.74981 0.8046106439614951
13.5517 3.16874 1.4498309955148905
7.29759 2.71889 1.2010476641462278
15.7275 2.978 1.1710957782507092
11.827 5.67278 1.1273576528600233
3.13584 7.61315 1.4772396473637162
13.4311 3.97656 1.2262645659420683
8.0144 8.90164 1.255902486328154
0.439467 9.94629 1.0749015548102459
9.16141 0.505081 0.5712222241217016
8.50124 1.94067 1.4052665410701883
13.4887 6.26759 1.0006017001485268
10.5218 1.97851 0.9738625056119028
13.4745 1.23325 0.9607111537866753
1.75884 7.43126 0.5040325111206433
