2.8536 9.95178 1.1424083533841083
7.31907 9.98016 1.0940202903437355
1.56011 6.25172 0.961322246915342
1.5103 4.37727 0.8121391236289525
14.9043 0.484329 1.2628056094159246
14.3139 2.90017 1.3966658620894563
3.63683 7.69066 0.6562868838742091
6.57149 2.01971 0.6498131706681151
10.0491 6.04144 1.4640072157436572
7.22581 4.66353 1.0818459913198684
9.56523 6.34724 1.200192708133164
13.6767 8.28791 0.6048819130846215
9.9964 7.20908 1.29816675430262
9.05203 3.75134 1.3209284147807332
2.94833 7.37907 1.4109980787089969
8.88211 9.05087 1.376153766029687
3.88586 1.8894 0.588266082800644
9.67559 6.98508 1.0272020734090863
9.3538 3.51299 1.0587653423021939
7.91137 0.803858 0.5481580399988971
