15.115 9.206 0.31177312102902544
11.322 1.947 0.17023081239097726
14.524 2.461 0.29169119314974873
0.484 2.375 0.1974275265183176
4.400 6.984 0.34883443421636406
12.747 9.481 0.14583508745646445
0.751 5.631 0.1556026542041305
4.767 9.736 0.21118044784837633
9.626 5.685 0.3015336829904198
14.141 8.661 0.33057719297283117
10.515 2.627 0.2986592887393568
7.991 1.740 0.29838215565500614
5.089 8.120 0.20983853489509044
15.992 7.013 0.31381761622655235
5.925 3.462 0.3291726699745031
11.704 8.786 0.2959211052889145
14.644 7.082 0.12549481225741352
3.621 0.989 0.13300723942395015
2.888 8.325 0.33261902979739927
9.339 4.563 0.32346495373908735
11.350 5.947 0.19401532631887763
12.021 5.708 0.13871788781849456
4.610 0.391 0.1588806645648608
13.336 7.964 0.30748145002034977
11.859 4.157 0.24205559788788342
