13.897 5.980 0.5476061067885466
13.125 1.251 0.7004645756940252
10.569 3.532 1.27611350042547
15.493 8.191 0.6776212472242981
15.264 5.227 0.7721543237944501
12.171 9.142 0.9678749308824793
12.563 1.241 1.0620151426816138
1.091 5.385 1.2188362473385914
6.594 2.569 0.6697504735503746
5.469 3.101 0.7419124509380428
8.712 1.356 0.6029991625023174
5.235 8.332 1.103844032577189
10.482 0.657 1.1855215657383535
12.131 3.162 0.8648857856879596
3.417 8.758 0.9076115650129541
13.971 2.222 1.3771980966668795
0.112 7.111 1.2039510830597382
1.388 5.033 0.9514937644693955
7.607 5.211 0.5482116332275045
8.264 6.367 0.7622870421841065
4.813 2.810 0.8269246680147173
0.752 1.686 0.8701702794155699
4.070 6.512 0.9018019994394868
5.106 1.726 0.7552977666782286
6.807 7.885 1.3126197376982844
3.641 1.327 1.4159032741357
9.637 7.203 1.4176957066048086
13.467 5.756 1.1191020986175653
7.033 6.242 1.3446543440097942
14.715 8.960 0.6677430918008143
