14.677 2.444 0.3462877948873457
9.411 3.296 0.42335172294135787
6.700 7.646 0.322275517728949
6.527 0.469 0.30746230851791007
8.951 0.351 0.544856640273133
11.260 3.359 0.3944908327266196
1.163 8.051 0.6802308600160676
8.564 7.770 0.6699582675243396
6.614 2.563 0.6308033901857295
9.739 0.660 0.4927565890987078
0.906 1.770 0.6675975324948842
6.359 3.313 0.35261511369247855
7.031 9.433 0.3533632539637408
13.962 8.027 0.6700255738209326
8.862 5.368 0.3675403533545193
6.120 1.223 0.5146032705884581
13.893 2.692 0.3225297319808816
14.337 6.845 0.5835803980097434
3.307 2.004 0.4957301224935828
12.792 6.412 0.637255803561865
3.237 7.618 0.461679755498525
0.924 5.460 0.25716015265598907
7.616 6.595 0.7407879374137043
9.093 5.318 0.7072750953267912
4.920 2.299 0.5102123701167742
5.177 7.628 0.2841551350390378
1.066 5.309 0.3182257147402337
13.474 0.765 0.4137275296768406
5.764 2.352 0.44330749824377114
10.123 9.808 0.2768540446953503
