12.236 4.063 0.6916432095596488
5.157 5.937 0.8409519229770609
10.165 1.604 0.577984668643301
10.094 8.355 1.3929098648740492
0.450 4.712 1.0979140604401905
10.406 9.678 1.447397882027658
4.557 5.666 1.18201613641925
15.054 6.205 0.9594234305732848
3.816 2.966 1.3142101423719637
8.196 8.873 1.1028912737054974
3.166 7.258 1.4024448788520711
11.341 0.238 0.6693546560268977
8.895 4.421 1.2426540844555838
13.435 6.216 0.6984298964735974
15.169 1.861 0.598690388319759
1.344 8.706 0.628245516256374
11.487 6.433 0.5946712703302723
3.388 9.207 0.9065526627126482
11.181 4.048 0.7643612604886728
12.088 7.096 0.7999455599462453
7.965 4.203 0.661997380161041
9.650 1.531 1.066528121456312
2.956 4.977 0.6350617647060423
14.552 6.444 1.2284865195668184
7.298 0.522 1.1363316465872142
