11.026 4.695 0.2239573997923962
6.684 7.175 0.1790035411111051
15.461 9.044 0.36614105488159565
14.003 1.659 0.2866478558270138
7.775 7.203 0.2470282676064619
9.231 5.341 0.2921968066187688
8.832 8.483 0.18426922961463257
15.696 7.579 0.17540460227949065
10.256 6.577 0.35237314119123064
15.924 4.646 0.3434243154004702
5.630 9.925 0.37016254563339324
3.598 9.349 0.2367673107988642
0.132 7.128 0.2643228660105803
11.182 0.580 0.29191021423602304
6.014 5.355 0.21436703339523946
6.230 0.917 0.31332098081611415
7.636 9.098 0.2539353843580862
14.121 4.705 0.2731439238830832
3.029 4.392 0.19475885061517034
8.122 4.746 0.15308835496594442
13.822 5.347 0.15190531687303388
15.854 9.279 0.2124336267250919
9.572 8.820 0.20363814049679335
10.484 3.002 0.2893641438517467
9.285 2.718 0.13051716660229842
