7.32737 9.49156 1.3165270689612851
11.911 1.0828 0.833456380637306
9.58477 3.85235 1.417374955616323
11.7601 6.08966 0.9465570491844805
9.15848 3.61339 0.89473874274851
2.42488 2.25105 1.2289083180625155
6.80245 8.02881 0.8654931087625883
8.27369 9.8999 0.9773979142923012
12.0248 3.45561 0.5722813730906163
2.7037 6.57308 0.5912945793289884
7.87036 0.635395 1.2310144958036875
11.1961 5.04807 0.78024319915985
2.35994 9.49583 1.1467276853882682
2.26521 9.05118 0.8397806910242261
11.0863 3.03049 1.3926865892101516
6.82492 0.703757 0.9401355967423604
15.4658 6.83187 1.270791212334879
2.45173 8.77255 0.700569061988363
