15.115 9.206 0.9955679415383545
11.322 1.947 0.5632226307467314
14.524 2.461 0.5561014188626703
0.484 2.375 1.2341758294327292
4.400 6.984 1.3586904947746579
12.747 9.481 0.7229113517602248
0.751 5.631 0.5808783247418596
4.767 9.736 1.044924624291287
9.626 5.685 1.3492715074964174
14.141 8.661 1.029719488887822
10.515 2.627 0.6723711262570853
7.991 1.740 1.1549416715453171
5.089 8.120 1.475077792965498
15.992 7.013 1.152661486384345
5.925 3.462 0.7933981267781701
11.704 8.786 1.077424195426525
14.644 7.082 1.1771278218127494
3.621 0.989 0.7948840973905916
2.888 8.325 0.9153555892860071
9.339 4.563 0.9727182600689569
11.350 5.947 0.6077486287836643
12.021 5.708 0.9861712194276372
4.610 0.391 1.2265116139560037
13.336 7.964 1.4012782593810025
11.859 4.157 1.4717413669555213
