1.75884 7.43126 0.28512538286566064
5.02506 9.41069 0.5847390884870883
4.57729 3.36314 0.5060895528756918
13.3539 7.07999 0.36687351877576346
9.60381 7.47215 0.3640701960889091
4.04358 1.44475 0.7108425891593055
0.0258797 0.610065 0.6076612199914437
12.8998 8.52626 0.41305386819001716
3.36924 1.15604 0.5760299417714911
8.85134 0.142521 0.5932545941505794
1.82037 4.54512 0.2857427528431739
12.0355 6.86148 0.5807783712583502
8.69509 0.738853 0.3467617013070505
6.98752 2.01941 0.35690785131140257
11.1395 2.90353 0.4095519829949554
6.98703 2.32429 0.7423374567604865
9.24589 5.32579 0.2651372383318009
10.0589 1.60192 0.39376499962095635
8.06616 9.63042 0.3478847716750655
11.1322 9.24802 0.4891669809756934
