10.186 1.224 1.4001211941547842
12.333 1.589 1.0004529235464044
2.570 0.347 0.5324085319043981
4.661 6.963 0.8322302480491561
6.869 2.344 1.0808680674018774
14.330 9.107 0.5843255213181697
8.994 1.221 0.9227387682645829
9.999 5.120 0.5992237908320747
7.940 9.488 0.5407290373485779
8.854 7.754 0.9636318661346911
15.568 1.943 0.5739799005811833
5.387 6.740 0.9106249354482682
6.674 7.158 1.088893308914927
14.092 8.207 1.4193672702202398
15.090 1.359 1.2902666052319514
11.746 0.485 0.9028786143194671
15.085 5.071 0.9082508286865928
6.408 2.716 1.1248224007797099
1.426 3.398 1.4333390467727376
7.833 3.778 0.7269031377634996
8.638 0.573 1.09674988866536
5.374 3.118 1.0560563903489106
3.929 4.687 1.486365682724696
9.366 9.831 1.455688847241992
9.906 9.029 0.5036304863545673
0.596 9.535 0.6137587381798562
2.754 8.682 0.6623876353231308
5.053 0.757 0.7555333297283321
12.510 0.160 1.1494454039741162
6.277 9.336 0.5735235686210869
