13.4311 3.97656 0.5832081847577646
8.0144 8.90164 0.5426317463577184
0.439467 9.94629 0.6998798877617709
9.16141 0.505081 0.3733305638965276
8.50124 1.94067 0.5327971146153083
13.4887 6.26759 0.7446211185841749
10.5218 1.97851 0.4463395007975189
13.4745 1.23325 0.5732258747340933
1.75884 7.43126 0.39012884724442637
5.02506 9.41069 0.6559438752866247
4.57729 3.36314 0.45201325233755063
2.24421 7.33085 0.48436825380573884
13.3539 7.07999 0.564144496114857
9.60381 7.47215 0.30096483644598954
4.04358 1.44475 0.6054467391175795
0.0258797 0.610065 0.6256014793360425
12.8998 8.52626 0.33815102215943604
3.36924 1.15604 0.5927415998351797
