9.550 5.727 0.7046215835334124
0.776 8.449 0.6832088838776105
5.963 9.047 0.6301389979707123
9.978 2.824 0.3902870407058431
12.846 8.014 0.40808667383234903
10.603 4.929 0.44325653307394824
6.769 7.869 0.2504487883546847
10.489 1.483 0.46759319067253674
11.100 1.624 0.28986160826706436
11.251 9.085 0.4411118617513991
3.821 0.502 0.43222317958453527
6.470 0.396 0.3877130272457084
14.197 4.554 0.4766744928191587
7.068 0.266 0.3998317392753676
10.881 4.713 0.40811721207636475
9.918 1.080 0.31271084452853204
8.661 0.075 0.545816305606443
6.898 5.135 0.6497406243515738
9.877 7.560 0.3110998040631517
13.785 1.167 0.667482011398598
3.454 3.781 0.6894248775154534
8.410 2.170 0.6973048583526145
2.329 3.296 0.7000655548849912
5.406 2.855 0.4072888262354711
1.093 2.412 0.5404415737806527
10.048 0.421 0.4799043643618455
3.279 0.963 0.4682719982183798
12.694 9.830 0.67922342764889
8.721 5.247 0.5828415033787233
7.908 0.409 0.3034929419783873
