9.40654 6.91183 0.3024931957448047
13.4018 7.26493 0.1324140206568447
7.75903 2.05359 0.34340674517892716
11.8998 4.68459 0.3382478451271842
7.32737 9.49156 0.2653530255515618
11.911 1.0828 0.21898432149656497
9.58477 3.85235 0.3639199365774395
11.7601 6.08966 0.2527231281078801
9.15848 3.61339 0.24121533952026525
2.42488 2.25105 0.30024162083845884
6.80245 8.02881 0.2890792679770794
8.27369 9.8999 0.19827238651267684
12.0248 3.45561 0.3436283374269654
2.7037 6.57308 0.16885092435531945
7.87036 0.635395 0.151041309898735
11.1961 5.04807 0.31314713781905823
