0.445326 3.29844 1.0734668701806385
0.894559 6.3921 0.9757284753384281
2.10602 8.47072 0.7193182792474063
13.829 5.96881 1.0532104790298984
11.5463 8.53969 1.0992347122277812
0.23487 1.26469 0.7717414560071344
11.3265 6.17145 0.8485540618606259
3.48106 0.659505 0.5143485011152028
2.70272 6.24104 0.5811868509249513
5.45573 3.19407 1.3243446581161007
5.88104 6.61 1.4869380039540951
12.8383 8.06879 0.5736921043703211
8.42457 6.11103 0.7553973513880422
12.7709 9.00601 0.8793015182370483
2.31697 6.30177 0.5724777045444543
6.43867 2.537 0.5336884492645354
2.18464 8.5519 1.3548338202111183
1.05863 4.27808 0.8350488121537603
