11.000 3.121 0.2535941822798197
7.513 1.372 0.16990782358825665
3.707 9.937 0.3626975169655654
15.300 9.194 0.36235006408678516
2.395 4.460 0.3229753876410161
11.026 7.334 0.33012166170766133
15.444 6.861 0.27635960630317075
2.743 0.404 0.22536239858319
13.843 6.394 0.13305228766512686
14.724 0.646 0.18707563846202666
8.829 8.110 0.2647177086826631
2.560 1.794 0.25801512315665454
10.599 6.617 0.22279214917264523
6.357 5.934 0.37232635233494416
9.952 0.761 0.22084498611252484
14.372 4.590 0.33873742176972477
7.592 1.193 0.2204891785549338
7.222 0.343 0.34526530870385463
9.642 4.020 0.18254975005568636
0.796 7.208 0.34178003919226896
8.639 2.504 0.13981244816552027
11.436 3.970 0.37268698459913097
4.102 5.655 0.18711685471519363
13.999 4.612 0.19803272465349242
4.171 7.314 0.1863393390411829
