11.5506 4.75295 0.5343035073726047
1.96832 3.67809 0.273813762479848
13.3549 0.350963 0.2864683099074219
8.27223 6.62984 0.5707388964894212
6.81954 1.04678 0.6537175987724815
15.1894 9.21384 0.2681131370326107
8.79275 3.45988 0.5299680836467311
7.54759 3.74981 0.5034822160140748
13.5517 3.16874 0.3354695134493703
7.29759 2.71889 0.6909454056413908
15.7275 2.978 0.7403241377504712
11.827 5.67278 0.4061117416929958
3.13584 7.61315 0.508198052703764
13.4311 3.97656 0.3933413567031383
8.0144 8.90164 0.628780388969912
0.439467 9.94629 0.5637726091296098
9.16141 0.505081 0.6576284018104464
8.50124 1.94067 0.37855657818602273
13.4887 6.26759 0.48634522423914844
10.5218 1.97851 0.7022795874087777
