8.06616 9.63042 1.4793393876268703
11.1322 9.24802 1.380592506368467
3.03916 3.35948 0.7635517534671037
2.8536 9.95178 0.5645497065976819
7.31907 9.98016 0.7343992971354285
1.56011 6.25172 1.0447471895885119
1.5103 4.37727 1.2798498620650203
14.9043 0.484329 1.2401475890690778
14.3139 2.90017 1.1206091621304481
3.63683 7.69066 1.2003186933438155
6.57149 2.01971 1.44850149393877
10.0491 6.04144 1.489337740791316
7.22581 4.66353 1.4879195961318525
9.56523 6.34724 0.7206821223661545
13.6767 8.28791 1.0605676350066346
9.9964 7.20908 0.8188757057657022
