2.4781 3.26914 0.28571329420994374
1.26957 0.766015 0.19884551965973188
10.2557 8.20002 0.15846446384702076
8.72146 4.48256 0.27101557883853045
6.54366 2.98746 0.17695085937534602
7.44896 5.01205 0.3019892778551485
11.808 3.13883 0.2774653737709689
13.227 9.59075 0.31345762234387353
13.9736 7.25028 0.31168940384951216
4.80093 9.43999 0.19228436139095745
2.03571 0.657369 0.15542979618131267
12.5595 5.24583 0.30171992781414747
9.7542 9.56114 0.2989104142438967
1.15629 8.75637 0.3652502292749601
10.4617 3.22123 0.12677969264377265
1.67681 5.05051 0.3131026723572564
