13.897 5.980 0.25
13.125 1.251 0.25
10.569 3.532 0.25
15.493 8.191 0.25
15.264 5.227 0.25
12.171 9.142 0.25
12.563 1.241 0.25
1.091 5.385 0.25
6.594 2.569 0.25
5.469 3.101 0.25
8.712 1.356 0.25
5.235 8.332 0.25
10.482 0.657 0.25
12.131 3.162 0.25
3.417 8.758 0.25
13.971 2.222 0.25
0.112 7.111 0.25
1.388 5.033 0.25
7.607 5.211 0.25
8.264 6.367 0.25
4.813 2.810 0.25
0.752 1.686 0.25
4.070 6.512 0.25
5.106 1.726 0.25
6.807 7.885 0.25
3.641 1.327 0.25
9.637 7.203 0.25
13.467 5.756 0.25
7.033 6.242 0.25
14.715 8.960 0.25
