11.000 3.121 0.6660936732030514
7.513 1.372 0.6077642274833525
3.707 9.937 0.6476195098865274
15.300 9.194 0.5497783912181485
2.395 4.460 0.4591968069291221
11.026 7.334 0.2609666525614582
15.444 6.861 0.3649214815534658
2.743 0.404 0.34023762636066507
13.843 6.394 0.7357643561548359
14.724 0.646 0.4526041345454077
8.829 8.110 0.6896419251898613
2.560 1.794 0.5544737918698923
10.599 6.617 0.6892731470296065
6.357 5.934 0.7010733415591106
9.952 0.761 0.41492150315983495
14.372 4.590 0.4674705566742004
7.592 1.193 0.6853214974129682
7.222 0.343 0.26639162267707367
9.642 4.020 0.6100515386211887
0.796 7.208 0.3973349337748112
8.639 2.504 0.7026730952947906
11.436 3.970 0.5348590180085182
4.102 5.655 0.25121132194646584
13.999 4.612 0.34748106475014806
4.171 7.314 0.40120578163551035
