14.7197 5.51164 1.1901806930568672
10.6048 1.14536 1.2015161617394507
7.88061 3.79131 1.0653365602780163
7.94897 7.93359 1.2329634964400178
8.1482 3.82366 0.7960114075664958
11.0106 5.32151 1.3662697479276464
9.70049 3.95184 1.204226249868993
0.0942412 7.07877 0.9884670904880714
1.60991 6.23066 0.702040062008408
13.8119 4.91501 1.1572951772796003
11.9574 4.96902 1.1639545413606065
6.08173 7.85363 1.0724584146639602
8.845 3.57097 0.6800514135607901
15.2915 6.30848 1.1246207825229175
2.82528 3.74248 1.0528555388523984
2.10602 7.43278 1.002604873286876
