7.32737 9.49156 0.49237216402252354
11.911 1.0828 0.6336820091670676
9.58477 3.85235 0.6252601014326069
11.7601 6.08966 0.3381699897139109
9.15848 3.61339 0.7173381538486676
2.42488 2.25105 0.3562280978307381
6.80245 8.02881 0.68588892879321
8.27369 9.8999 0.6170015279146099
12.0248 3.45561 0.32770963196780245
2.7037 6.57308 0.4458775892806245
7.87036 0.635395 0.6179416184513771
11.1961 5.04807 0.6350711843815775
2.35994 9.49583 0.6541381668440442
2.26521 9.05118 0.48263373702126355
11.0863 3.03049 0.37459611206473326
6.82492 0.703757 0.7056939590358549
15.4658 6.83187 0.2995147188497287
2.45173 8.77255 0.3021774487007398
