10.186 1.224 0.4977026889064652
12.333 1.589 0.3656587959974456
2.570 0.347 0.28967319066528224
4.661 6.963 0.6638915505404055
6.869 2.344 0.7413254792931596
14.330 9.107 0.5103197091679794
8.994 1.221 0.7174964845325907
9.999 5.120 0.6924472708653482
7.940 9.488 0.7416613890896542
8.854 7.754 0.5283434215154093
15.568 1.943 0.39759768498521947
5.387 6.740 0.37179304550240505
6.674 7.158 0.27895626747544994
14.092 8.207 0.7483039490153739
15.090 1.359 0.3589809828928293
11.746 0.485 0.3102325431375446
15.085 5.071 0.4439246756421376
6.408 2.716 0.469429038980233
1.426 3.398 0.5304260725976853
7.833 3.778 0.29553184651029746
8.638 0.573 0.48989521424965615
5.374 3.118 0.4995146906427575
3.929 4.687 0.4066300597868812
9.366 9.831 0.3943253220806139
9.906 9.029 0.2811230275849862
0.596 9.535 0.5824547747114452
2.754 8.682 0.4889568032002777
5.053 0.757 0.6836428076351841
12.510 0.160 0.4914327591311831
6.277 9.336 0.5295250956420348
