15.2944 9.25718 0.5305333686462139
8.62966 1.42338 0.6637739652472316
7.39329 2.35328 0.5191113134689535
13.7958 2.09601 1.4523466283731357
12.4745 8.43654 1.35833637811841
15.9487 9.99695 1.3298679840498095
9.78399 3.92438 1.2890495174849659
4.25941 2.97281 0.7101904105278919
13.4423 0.237434 0.9881158109352023
6.01386 0.926237 0.750869864366132
10.8353 0.562151 1.1609143225862102
0.140629 9.1879 1.104746606628666
4.4142 2.72897 1.1810035269721282
9.40654 6.91183 0.6223332604145311
13.4018 7.26493 1.0776162126332671
7.75903 2.05359 1.2020133390211836
11.8998 4.68459 1.3601629171310978
7.32737 9.49156 1.0197177170493787
11.911 1.0828 0.6315872337674419
9.58477 3.85235 0.9119146715305106
