1.75884 7.43126 0.3467167126352301
5.02506 9.41069 0.14900545481684274
4.57729 3.36314 0.35812771886597405
13.3539 7.07999 0.35515849496608537
9.60381 7.47215 0.3293793158900067
4.04358 1.44475 0.1441026912111903
0.0258797 0.610065 0.31919351540251567
12.8998 8.52626 0.15165765027347225
3.36924 1.15604 0.21608952935996253
8.85134 0.142521 0.3079665337371446
1.82037 4.54512 0.2046527789415191
12.0355 6.86148 0.21655357378930407
8.69509 0.738853 0.34331258091806854
6.98752 2.01941 0.3042723198482983
11.1395 2.90353 0.2282200920603884
6.98703 2.32429 0.17617838784312348
9.24589 5.32579 0.1625413048997546
10.0589 1.60192 0.34873680461364526
8.06616 9.63042 0.3585493142066208
11.1322 9.24802 0.20260078816432234
