9.439 2.882 0.6052364749105665
1.655 5.292 1.363201684295434
4.569 8.979 0.5312092096528773
13.747 0.056 0.9793754669369302
4.945 3.502 0.5344508215179551
7.615 7.899 1.0343085381833466
15.501 8.706 1.2158684225954592
3.078 1.347 0.8471437045974225
14.891 5.283 1.026244266054364
6.117 8.640 0.6348604927525618
10.397 3.293 1.2104029778865528
3.811 9.746 0.9845261140762085
3.862 5.701 0.8061104914440188
10.426 4.835 0.7797919287223513
8.169 2.840 0.6832802936162854
10.971 6.791 0.930600647550388
4.916 7.924 1.4778980895479705
5.830 1.477 0.9379132958046822
1.721 6.525 0.7282407170144957
13.556 6.142 1.4586658232554837
7.059 0.509 1.2962341556941168
0.180 7.794 1.0389575685595949
1.150 4.204 1.0729857333722328
2.665 1.961 1.4490920923194615
6.772 5.408 1.3290536499817915
15.508 4.786 0.9130666109077583
11.875 0.165 0.7416343780661616
7.605 1.787 0.7536296175930989
10.695 0.026 1.1810778925547214
14.028 8.230 1.3759852758380418
