14.677 2.444 0.33542421230635533
9.411 3.296 0.13845467834220357
6.700 7.646 0.31924678238174764
6.527 0.469 0.20806100847539336
8.951 0.351 0.35016406595073357
11.260 3.359 0.3464298527318989
1.163 8.051 0.13544323884815265
8.564 7.770 0.2530229776987405
6.614 2.563 0.26134363572909214
9.739 0.660 0.15436394821511554
0.906 1.770 0.1435851022670815
6.359 3.313 0.17710022946598955
7.031 9.433 0.2249236356441736
13.962 8.027 0.1699210108232454
8.862 5.368 0.2596955578393152
6.120 1.223 0.30687643066588943
13.893 2.692 0.1822138308158671
14.337 6.845 0.2154216517315435
3.307 2.004 0.32466037265461134
12.792 6.412 0.2656452604255719
3.237 7.618 0.2526696802182714
0.924 5.460 0.28617615475734304
7.616 6.595 0.14191781322590855
9.093 5.318 0.2938656362353863
4.920 2.299 0.27395921307673726
5.177 7.628 0.21923533087423827
1.066 5.309 0.3674336543101345
13.474 0.765 0.30540956936130714
5.764 2.352 0.3056389176017202
10.123 9.808 0.1711502859415716
