14.7197 5.51164 0.1902769587947184
10.6048 1.14536 0.34977679523428495
7.88061 3.79131 0.18943609793904445
7.94897 7.93359 0.2866167242594718
8.1482 3.82366 0.2730064304324316
11.0106 5.32151 0.21504961444028256
9.70049 3.95184 0.14076110859279184
0.0942412 7.07877 0.13056503800003946
1.60991 6.23066 0.14850062391655505
13.8119 4.91501 0.33084977532243653
11.9574 4.96902 0.14935334081452722
6.08173 7.85363 0.16441133096767768
8.845 3.57097 0.2682078222185239
15.2915 6.30848 0.23831428774441096
2.82528 3.74248 0.14359828229202523
2.10602 7.43278 0.3728455369527771
