2.94833 7.37907 0.6333846882434274
8.88211 9.05087 1.1791659184807954
3.88586 1.8894 0.8122425517517567
9.67559 6.98508 1.3795423896918604
9.3538 3.51299 1.2075487823503843
7.91137 0.803858 0.7590061556230054
11.8519 6.12049 0.9666232191712404
9.92608 6.91122 0.8224003270624137
12.8725 1.49113 0.7592205590758294
9.21659 8.67733 0.7579155640188171
14.5849 6.14704 0.9003923040610275
11.6429 0.432142 0.5346367611559995
10.6844 9.76531 0.7440205308639626
5.04019 5.69201 1.4267184064610783
4.89322 1.73925 1.1770720099721323
1.73687 8.69045 0.9828624732481529
