13.936 3.341 0.35801967319716543
3.882 4.955 0.7253092190009385
4.201 7.192 0.5747365582847284
13.548 1.888 0.5440760447831618
15.333 4.341 0.26955445567668646
9.479 6.153 0.6093638933166879
2.644 3.674 0.5965485093912849
4.521 1.147 0.29118715442393206
9.213 2.844 0.6934788952264174
7.269 9.102 0.5760061224544798
3.912 9.079 0.5769160176342454
6.791 4.664 0.3835515723872602
10.781 1.423 0.6004145907406322
11.369 0.131 0.6837304619633908
13.511 5.648 0.686114312819677
1.758 6.712 0.25198927972801966
0.178 3.969 0.606186592920926
11.737 6.575 0.460539383383837
5.688 0.769 0.6919132525751168
11.253 2.674 0.529072137774451
4.588 7.074 0.3583943811230345
7.378 4.649 0.5004443202592243
4.275 1.259 0.5541101227494962
15.833 9.312 0.5489307209860024
6.478 0.990 0.46477396265058285
