15.140 3.470 0.25
13.206 5.761 0.25
3.403 8.839 0.25
11.704 0.259 0.25
15.703 9.019 0.25
5.719 6.488 0.25
3.394 2.719 0.25
1.000 2.624 0.25
7.126 4.747 0.25
15.274 5.773 0.25
9.271 0.453 0.25
12.526 7.208 0.25
12.981 5.270 0.25
12.549 0.290 0.25
11.095 3.356 0.25
0.459 5.317 0.25
7.575 2.881 0.25
3.026 0.108 0.25
11.753 4.787 0.25
6.480 1.127 0.25
11.801 6.410 0.25
5.526 2.389 0.25
14.221 2.269 0.25
6.460 0.889 0.25
15.800 6.482 0.25
6.589 0.745 0.25
9.477 6.059 0.25
6.978 9.052 0.25
3.511 1.917 0.25
4.396 5.311 0.25
