9.15848 3.61339 0.3610896121798469
2.42488 2.25105 0.14548088432610418
6.80245 8.02881 0.30558243188543366
8.27369 9.8999 0.3256288950673636
12.0248 3.45561 0.2762268855364562
2.7037 6.57308 0.22350339207866757
7.87036 0.635395 0.17256560766032913
11.1961 5.04807 0.14228107836096499
2.35994 9.49583 0.14249112152317736
2.26521 9.05118 0.1980123532833314
11.0863 3.03049 0.3713340216365666
6.82492 0.703757 0.3431374052413456
15.4658 6.83187 0.26800563022696144
2.45173 8.77255 0.2665437508617362
13.1469 5.82049 0.15034089616904892
3.06162 1.77892 0.2372629191521348
13.0751 4.75265 0.15580482125474224
2.48885 5.03922 0.37452672896786443
11.7123 4.05591 0.1427763420970909
4.47328 5.68743 0.2564378422223129
