14.178 8.676 0.8735538883890014
9.434 1.105 0.6217109738759433
14.117 8.250 1.3877046572101195
10.263 6.144 0.9566161269687123
6.284 3.985 1.1670039605811702
13.960 5.220 1.070961789949902
6.338 0.018 0.767535991058979
14.136 5.730 0.6455045020954852
1.307 2.346 1.4522875148046146
2.537 3.325 0.822774571014207
9.429 3.343 1.370530806872927
7.640 7.259 0.9147716269093972
12.062 9.554 1.1818751807944494
0.673 1.532 1.0017108643588
10.320 9.889 1.4177570868679026
14.201 2.229 0.9439202763432561
2.371 9.857 0.9222057142210187
14.289 2.524 1.3956008896187804
13.822 1.482 0.8187381061939654
4.484 7.339 1.3040685051362046
4.363 9.321 0.5262834492071201
11.520 2.825 1.255416624536358
8.524 8.748 1.4067238595324563
7.719 3.094 0.8865574668850903
12.716 1.167 1.4236037162105504
