14.680 7.064 0.19029363662934234
3.986 7.274 0.31621938251036863
4.451 3.103 0.20929231677448862
13.494 9.632 0.31540665623217023
13.104 1.767 0.20905322969727352
5.727 5.360 0.24132363744002977
14.651 7.120 0.3452415581984878
10.003 6.345 0.3458963076643587
4.438 4.806 0.13707474611758685
9.872 4.438 0.13271925187117792
12.995 9.749 0.1342646110158121
15.363 7.486 0.12925995286858846
2.312 6.157 0.31377797104705896
14.498 0.765 0.22374173445659257
6.647 4.768 0.27903692676114855
12.327 0.815 0.25696560682353753
12.120 6.904 0.2365232360327208
13.326 7.330 0.3264892719916972
4.350 9.823 0.20668168423328354
1.161 8.361 0.30808128224105735
12.702 2.378 0.277215374178712
6.748 2.717 0.2991909453535052
15.335 9.168 0.269651068617906
15.813 6.251 0.30874890499939234
7.266 8.455 0.21669787064642546
