2.4781 3.26914 0.5837181050883722
1.26957 0.766015 0.6214974940900991
10.2557 8.20002 0.389709943317513
8.72146 4.48256 0.3568194056839736
6.54366 2.98746 0.4081694557434625
7.44896 5.01205 0.5096309311088878
11.808 3.13883 0.45399643546207225
13.227 9.59075 0.6297487962015047
13.9736 7.25028 0.33776702440146833
4.80093 9.43999 0.3903344120201219
2.03571 0.657369 0.3346513398465732
12.5595 5.24583 0.5623574748414264
9.7542 9.56114 0.6718426099080426
1.15629 8.75637 0.5292721988129285
10.4617 3.22123 0.5387633535585961
1.67681 5.05051 0.47373090514795096
