8.31812 3.0195 0.43618456356449337
14.0156 7.26676 0.7421743100654634
15.2944 9.25718 0.4619005458561562
8.62966 1.42338 0.3125186226724403
7.39329 2.35328 0.4127495736000613
13.7958 2.09601 0.7083194142427247
12.4745 8.43654 0.7188146902755324
15.9487 9.99695 0.3189956683887078
9.78399 3.92438 0.6987293262475652
4.25941 2.97281 0.48289258613737995
13.4423 0.237434 0.44672823704934017
6.01386 0.926237 0.7326847434316646
10.8353 0.562151 0.3265039479997659
0.140629 9.1879 0.433027791057372
4.4142 2.72897 0.41142953495569273
9.40654 6.91183 0.5260204675208009
13.4018 7.26493 0.7302052458536512
7.75903 2.05359 0.30828116961329105
