15.051 0.270 0.28346844807272764
5.394 2.439 0.23383952926748866
9.138 9.694 0.2068532719122386
3.726 6.213 0.35161875735392134
14.952 5.126 0.25828518026156944
1.235 4.464 0.2251436632377317
1.282 1.575 0.2365818330757338
4.384 6.800 0.16973669786362652
10.595 5.226 0.13730151247024283
11.141 8.661 0.3171905831662953
2.513 3.090 0.15202193282742266
5.398 7.853 0.29698750100787613
15.257 6.843 0.26317442438926364
11.929 5.397 0.2924405839844529
15.769 1.977 0.3096515234871806
0.059 7.968 0.16889700381747128
14.534 2.319 0.15560529962135022
2.374 5.086 0.2523868101388419
11.420 2.395 0.13436886754860808
15.023 0.717 0.34822982761686067
6.392 8.840 0.1401156138477287
0.977 7.436 0.2644654066321863
14.935 2.480 0.323192393218933
6.123 1.987 0.15168498588349602
7.074 5.649 0.33616390236940186
3.297 5.688 0.32843906291465075
12.865 2.819 0.17689191062643378
7.036 7.120 0.16008279711902473
11.126 5.375 0.33236727853143316
13.272 9.920 0.14517706285075827
