9.550 5.727 0.25
0.776 8.449 0.25
5.963 9.047 0.25
9.978 2.824 0.25
12.846 8.014 0.25
10.603 4.929 0.25
6.769 7.869 0.25
10.489 1.483 0.25
11.100 1.624 0.25
11.251 9.085 0.25
3.821 0.502 0.25
6.470 0.396 0.25
14.197 4.554 0.25
7.068 0.266 0.25
10.881 4.713 0.25
9.918 1.080 0.25
8.661 0.075 0.25
6.898 5.135 0.25
9.877 7.560 0.25
13.785 1.167 0.25
3.454 3.781 0.25
8.410 2.170 0.25
2.329 3.296 0.25
5.406 2.855 0.25
1.093 2.412 0.25
10.048 0.421 0.25
3.279 0.963 0.25
12.694 9.830 0.25
8.721 5.247 0.25
7.908 0.409 0.25
