9.17362 3.02286 0.1603652323590171
8.76882 2.25562 0.3699763591821503
4.9816 1.1063 0.22374339043212085
12.9286 1.34709 0.13866597918520965
4.54799 7.8811 0.29174765365968813
14.3237 7.89636 0.2126482901771997
11.9008 6.15223 0.3220171251009306
5.77801 8.56655 0.15379973354046156
3.65587 8.63582 0.20118329008119204
3.67101 2.4955 0.16632813372322786
8.67849 9.84832 0.12719448530589078
0.860866 0.814234 0.2552367278799479
8.39479 4.26801 0.28193692073662446
1.51469 2.58797 0.17090889493769224
14.2646 2.32765 0.32242984624556953
2.3448 1.25095 0.31786060493199575
14.9062 0.801111 0.3452992802880527
0.753441 0.587176 0.21825515127029102
5.38249 9.14701 0.1363661454995894
6.37764 4.32783 0.2183498810422292
