4.04358 1.44475 0.5226621683207893
0.0258797 0.610065 0.6410743609962635
12.8998 8.52626 0.3984263808828578
3.36924 1.15604 0.38903026170462585
8.85134 0.142521 0.4920000487995908
1.82037 4.54512 0.3205290457219867
12.0355 6.86148 0.2791699039597116
8.69509 0.738853 0.4645035445065854
6.98752 2.01941 0.6106295228605451
11.1395 2.90353 0.30204346394611065
6.98703 2.32429 0.47517092866525745
9.24589 5.32579 0.46627398201490333
10.0589 1.60192 0.5431623545049823
8.06616 9.63042 0.35118837159727423
