12.156 4.721 0.25
13.069 4.550 0.25
9.151 8.827 0.25
7.017 1.797 0.25
12.159 5.067 0.25
5.323 3.656 0.25
10.907 1.730 0.25
6.755 6.107 0.25
0.755 0.172 0.25
4.462 3.095 0.25
0.675 3.833 0.25
15.225 3.402 0.25
13.015 6.165 0.25
14.423 9.539 0.25
13.196 8.681 0.25
3.564 0.132 0.25
13.127 8.506 0.25
15.702 5.638 0.25
13.976 5.113 0.25
1.740 2.533 0.25
14.951 0.914 0.25
6.574 8.349 0.25
10.826 2.909 0.25
2.377 0.338 0.25
5.610 8.155 0.25
8.534 4.495 0.25
15.399 5.000 0.25
12.540 0.652 0.25
14.071 3.203 0.25
15.501 9.125 0.25
