1.67681 5.05051 0.561762460600292
3.63341 2.90292 0.44440442146585085
14.7197 5.51164 0.6319345186814569
10.6048 1.14536 0.4022265470922715
7.88061 3.79131 0.47631072658302526
7.94897 7.93359 0.2623012237361502
8.1482 3.82366 0.7462761325516856
11.0106 5.32151 0.31237015284555875
9.70049 3.95184 0.5110279259148727
0.0942412 7.07877 0.6684012731440988
1.60991 6.23066 0.5980271292409376
13.8119 4.91501 0.6906861610115691
11.9574 4.96902 0.4150131827753087
6.08173 7.85363 0.4357383279150995
8.845 3.57097 0.2793279917787483
15.2915 6.30848 0.7195776167443235
2.82528 3.74248 0.29486716352528397
2.10602 7.43278 0.34667715983136993
