13.328 4.037 0.25
2.072 1.596 0.25
1.098 0.455 0.25
8.536 9.377 0.25
14.842 4.170 0.25
14.424 1.983 0.25
7.294 1.014 0.25
3.403 3.259 0.25
6.609 7.407 0.25
11.000 8.210 0.25
1.055 7.433 0.25
1.915 0.046 0.25
3.119 6.053 0.25
9.706 9.575 0.25
3.149 2.996 0.25
13.994 3.226 0.25
8.025 1.090 0.25
2.115 3.840 0.25
8.569 3.121 0.25
12.901 9.550 0.25
14.052 7.886 0.25
4.656 6.266 0.25
15.864 5.607 0.25
15.078 1.659 0.25
5.126 5.932 0.25
9.138 6.691 0.25
11.981 5.166 0.25
15.904 0.648 0.25
5.988 9.191 0.25
4.714 8.635 0.25
