1.82037 4.54512 0.16077720996457956
12.0355 6.86148 0.27466109155733204
8.69509 0.738853 0.3601790307093708
6.98752 2.01941 0.25147823112595624
11.1395 2.90353 0.28684020294707047
6.98703 2.32429 0.3132757193255081
9.24589 5.32579 0.30686629252529773
10.0589 1.60192 0.2586445457983617
8.06616 9.63042 0.25819947212035954
11.1322 9.24802 0.2174099142131257
3.03916 3.35948 0.28940751209220494
2.8536 9.95178 0.18661877461235232
7.31907 9.98016 0.2168601301577774
1.56011 6.25172 0.22655495504991405
14.9043 0.484329 0.34393853920252926
14.3139 2.90017 0.14509225837353176
3.63683 7.69066 0.12621469288730047
6.57149 2.01971 0.25394365456702633
