8.79275 3.45988 0.1707579934834775
7.54759 3.74981 0.34602567409132956
13.5517 3.16874 0.15651522373479784
7.29759 2.71889 0.18841229662101544
15.7275 2.978 0.3490266619085296
11.827 5.67278 0.3352648517280848
3.13584 7.61315 0.2710372650606058
13.4311 3.97656 0.30262193538541793
8.0144 8.90164 0.2860183257414435
0.439467 9.94629 0.1691710579239716
9.16141 0.505081 0.3390374511255313
8.50124 1.94067 0.18081421788484073
13.4887 6.26759 0.267234421071607
10.5218 1.97851 0.17782541953566178
13.4745 1.23325 0.19829323586566897
1.75884 7.43126 0.27802902044894906
